%time,field.header.seq,field.header.stamp,field.header.frame_id,field.name0,field.name1,field.name2,field.name3,field.name4,field.name5,field.name6,field.position0,field.position1,field.position2,field.position3,field.position4,field.position5,field.position6,field.velocity0,field.velocity1,field.velocity2,field.velocity3,field.velocity4,field.velocity5,field.velocity6,field.effort0,field.effort1,field.effort2,field.effort3,field.effort4,field.effort5,field.effort6
1692286067259178339,9,1692286067257931553,,panda_joint1,panda_joint2,panda_joint3,panda_joint4,panda_joint5,panda_joint6,panda_joint7,-0.048982745968078056,-0.7741105667188533,0.019486403334722346,-2.333400309117267,-0.012997593875642243,1.5457330495391166,0.7925698161370764,-0.11036037254063032,0.028259699597414433,0.04296853265548783,0.051827220563695986,-0.03960767798103914,-0.05863529051338738,0.002485612811466968,0.09984183311462402,-3.0151920318603516,-0.0020856857299804688,21.83804702758789,0.4756612479686737,1.7411130666732788,-0.08533420413732529
1692286067292715703,10,1692286067291718249,,panda_joint1,panda_joint2,panda_joint3,panda_joint4,panda_joint5,panda_joint6,panda_joint7,-0.05258262071742309,-0.7729381182265554,0.02098202698158552,-2.331583738005101,-0.014258296657461318,1.5438822858644616,0.792576566203339,-0.10429978290958326,0.03839872799748815,0.037840306815941346,0.04985538845587126,-0.03525823093686123,-0.052069245578216246,-0.0008896785848153178,-0.08662056922912598,-3.1619815826416016,-0.11316967010498047,21.99277114868164,0.4335469901561737,1.7200559377670288,-0.15033665299415588
1692286067327597529,11,1692286067325750334,,panda_joint1,panda_joint2,panda_joint3,panda_joint4,panda_joint5,panda_joint6,panda_joint7,-0.056180010604930934,-0.7717089979850723,0.022462377112239973,-2.329728714562158,-0.015412648366190775,1.5421826074085638,0.792570175001113,-0.10734678326434904,0.040343920616407965,0.043628637005566254,0.05344050310529425,-0.03128442177766561,-0.0489510431161533,-0.003964688989814247,-0.19770455360412598,-3.4198551177978516,-0.29963207244873047,22.10782241821289,0.4033345878124237,1.7475217580795288,-0.09174289554357529
1692286067360904947,12,1692286067359749776,,panda_joint1,panda_joint2,panda_joint3,panda_joint4,panda_joint5,panda_joint6,panda_joint7,-0.05978615500219611,-0.7704985894798896,0.023826270485163812,-2.3277857867663756,-0.016594137910793817,1.5404811618957623,0.7925687464323861,-0.10801977702858037,0.03582006630277175,0.03760315755843453,0.056415060305185664,-0.031229829448810264,-0.04744029792637745,-0.0015658169351922345,0.024463415145874023,-3.4952335357666016,-0.11316967010498047,21.99277114868164,0.4097432792186737,1.7200559377670288,-0.07892551273107529
1692286067394748568,13,1692286067393707276,,panda_joint1,panda_joint2,panda_joint3,panda_joint4,panda_joint5,panda_joint6,panda_joint7,-0.06316837220709072,-0.7693329018100128,0.02502050942469975,-2.3257720286526125,-0.01782550553783182,1.538884174588663,0.7925745491881389,-0.103105669623859,0.035897296059652674,0.035690179874092065,0.06347511473270913,-0.03583980562393046,-0.05163811826294992,0.0004414170489540835,0.024463415145874023,-3.3484439849853516,-0.07746410369873047,22.03244400024414,0.3914327323436737,1.7694944143295288,-0.13111057877540588
1692286067428412321,14,1692286067427679788,,panda_joint1,panda_joint2,panda_joint3,panda_joint4,panda_joint5,panda_joint6,panda_joint7,-0.06655251687579623,-0.7682049105562813,0.02623279381777362,-2.3236425977668356,-0.018965505119006094,1.5372832254137567,0.7925773842480126,-0.0959978783790022,0.03845312540326109,0.03980437610930099,0.06702285649986395,-0.03211047517614758,-0.04589854177726163,0.001270329074779338,0.13554739952087402,-3.3841495513916016,-0.03779125213623047,21.91739273071289,0.3795308768749237,1.7200559377670288,-0.15674534440040588
1692286067462368637,15,1692286067461747556,,panda_joint1,panda_joint2,panda_joint3,panda_joint4,panda_joint5,panda_joint6,panda_joint7,-0.06986555302760389,-0.7671235655761114,0.027458764601227648,-2.3216440887162286,-0.02010619931188344,1.5358433132077023,0.7925772782868914,-0.0956585160008879,0.029861868284487024,0.034182221374095656,0.05129362066656811,-0.0377394814859283,-0.04675851137658552,0.011830935547128447,-0.015209436416625977,-3.2373600006103516,-0.07746410369873047,21.79837417602539,0.3795308768749237,1.7200559377670288,-0.15674534440040588
1692286067496717551,16,1692286067495855903,,panda_joint1,panda_joint2,panda_joint3,panda_joint4,panda_joint5,panda_joint6,panda_joint7,-0.0731415771050842,-0.7659907644916027,0.028648467759862708,-2.3197863074028287,-0.02126454404176095,1.5343370420406526,0.792573476304611,-0.09442291209261161,0.03508453980821316,0.03818274274514269,0.05536097829103087,-0.027105424408746106,-0.04441398426077001,0.0006856719887822091,0.06016898155212402,-3.2016544342041016,-0.11316967010498047,21.91739273071289,0.3914327323436737,1.7337888479232788,-0.13111057877540588
1692286067530372447,17,1692286067529725202,,panda_joint1,panda_joint2,panda_joint3,panda_joint4,panda_joint5,panda_joint6,panda_joint7,-0.07627459607321638,-0.764802420544077,0.029744662409320326,-2.3179863560979608,-0.022364398551574568,1.5329367625369326,0.7925723068164258,-0.09186208079741211,0.03817048893879534,0.027412735474669866,0.05193586674870311,-0.03259665593678268,-0.03843465586921976,0.0004203037455247215,0.06016898155212402,-3.2373600006103516,-0.07746410369873047,22.07211685180664,0.3795308768749237,1.7337888479232788,-0.11096896976232529
1692286067564554322,18,1692286067563693105,,panda_joint1,panda_joint2,panda_joint3,panda_joint4,panda_joint5,panda_joint6,panda_joint7,-0.07944307692925286,-0.7635252568334655,0.030841647517530983,-2.3160715026951277,-0.023526932679008,1.5315027868456348,0.7925672249679657,-0.09356620150135997,0.04209745150739049,0.030060757700055573,0.056276743260531455,-0.030213234402120343,-0.043990206800773056,-0.002124510283881699,0.024463415145874023,-3.3841495513916016,-0.33533763885498047,21.99277114868164,0.3676290214061737,1.7264646291732788,-0.06519260257482529
1692286067598930631,19,1692286067597700801,,panda_joint1,panda_joint2,panda_joint3,panda_joint4,panda_joint5,panda_joint6,panda_joint7,-0.08253959191829015,-0.7622037693016154,0.031878889283310285,-2.3141136059259955,-0.02467383612429137,1.530193052287704,0.7925680387706471,-0.09572400693497807,0.03523601509299652,0.031747658709504245,0.053537592464380425,-0.03822608002837042,-0.03483287926947529,0.0010609087073056719,-0.08662056922912598,-3.4555606842041016,-0.18854808807373047,22.10782241821289,0.3731221854686737,1.7337888479232788,-0.07251682132482529
1692286067632855193,20,1692286067631676382,,panda_joint1,panda_joint2,panda_joint3,panda_joint4,panda_joint5,panda_joint6,panda_joint7,-0.08562048729577018,-0.7608781839698957,0.03285032572533028,-2.312104363278627,-0.025791590910393104,1.5288475060388957,0.7925694565664642,-0.08075244327985029,0.04013523233333539,0.030728418558732915,0.0590826777220911,-0.03225874267415802,-0.03830984947715792,-0.0009905746625982906,-0.12629342079162598,-3.5666446685791016,-0.33533763885498047,22.03244400024414,0.3374166190624237,1.7264646291732788,-0.09815158694982529
1692286067666291541,21,1692286067665010367,,panda_joint1,panda_joint2,panda_joint3,panda_joint4,panda_joint5,panda_joint6,panda_joint7,-0.08848499584737912,-0.7596318801859452,0.03366825706763581,-2.310120190220552,-0.026876640114614457,1.5275067330017884,0.7925701749830129,-0.08188301679692976,0.035342890920133145,0.028093391423789815,0.05943764588326576,-0.039113676178663036,-0.04515055171902187,-0.001203257871735257,0.06016898155212402,-3.4555606842041016,-0.18854808807373047,21.91739273071289,0.3493184745311737,1.7548459768295288,-0.09174289554357529
1692286067699864656,22,1692286067698658480,,panda_joint1,panda_joint2,panda_joint3,panda_joint4,panda_joint5,panda_joint6,panda_joint7,-0.09138007837091551,-0.7583359282236873,0.034514794631217205,-2.3081319566049476,-0.02793406629726075,1.52622975572612,0.7925745491882163,-0.0842669582756734,0.034359944445847515,0.025603662994735238,0.05619581342742763,-0.02829415901973158,-0.036134583292378335,0.00038351344797206817,0.06016898155212402,-3.4198551177978516,-0.07746410369873047,21.79837417602539,0.3612203299999237,1.7127317190170288,-0.13111057877540588
1692286067733388357,23,1692286067732670711,,panda_joint1,panda_joint2,panda_joint3,panda_joint4,panda_joint5,panda_joint6,panda_joint7,-0.09426885761329615,-0.7570473329192835,0.035397383268056075,-2.3062679507945547,-0.028932250312230578,1.5249150552296256,0.7925715991550607,-0.07992561368305261,0.04103074641229592,0.024718764120197075,0.06042820322945376,-0.030716463894667485,-0.028750439635255042,-0.00029661583438709893,-0.015209436416625977,-3.5666446685791016,-0.29963207244873047,21.76266860961914,0.3374166190624237,1.7200559377670288,-0.10456027835607529
1692286067767473378,24,1692286067766703271,,panda_joint1,panda_joint2,panda_joint3,panda_joint4,panda_joint5,panda_joint6,panda_joint7,-0.09712249320972757,-0.7557540700758525,0.03625603363938834,-2.3044587861311787,-0.02999266202410579,1.523734321382197,0.7925701750011792,-0.08279274299290389,0.040205783616896786,0.025633022276152554,0.05463481095129736,-0.02712265131566994,-0.03195532621938274,-0.00039412130817739397,-0.015209436416625977,-3.6420230865478516,-0.22425365447998047,22.10782241821289,0.3374166190624237,1.7832273244857788,-0.09174289554357529
1692286067801388316,25,1692286067800699979,,panda_joint1,panda_joint2,panda_joint3,panda_joint4,panda_joint5,panda_joint6,panda_joint7,-0.09990803023885836,-0.7544437633275419,0.03704910212435351,-2.3025515535225636,-0.031043073108919413,1.5225933745792843,0.7925745491882163,-0.0796109776579547,0.03652256840273056,0.025050430886698317,0.05977814069394951,-0.027623353291285714,-0.03524835745216,0.0006516848753482213,0.024463415145874023,-3.8245182037353516,-0.29963207244873047,22.03244400024414,0.3374166190624237,1.7411130666732788,-0.13111057877540588
1692286067836038002,26,1692286067834792351,,panda_joint1,panda_joint2,panda_joint3,panda_joint4,panda_joint5,panda_joint6,panda_joint7,-0.10256838127874267,-0.7531767899515617,0.03777608891219602,-2.3005881232731444,-0.03202777408513831,1.5214805117992647,0.7925759733418613,-0.07816613475524284,0.032417133532758546,0.022367129747804707,0.05849561849333354,-0.029382044410070522,-0.029520436263303963,0.000937702103704145,-0.08662056922912598,-3.7491397857666016,-0.29963207244873047,21.95309829711914,0.3557271659374237,1.7694944143295288,-0.14392796158790588
1692286067869535401,27,1692286067868672236,,panda_joint1,panda_joint2,panda_joint3,panda_joint4,panda_joint5,panda_joint6,panda_joint7,-0.1052918376476757,-0.7518995115945906,0.03846519499637334,-2.2985442231200257,-0.03302342330414211,1.5204567099736133,0.7925752612650392,-0.08000523968548143,0.03813539924085395,0.024120216955129822,0.053007673884951416,-0.027585770298679625,-0.025978765526120867,0.0009856122514961293,-0.05091500282287598,-3.6777286529541016,-0.29963207244873047,21.99277114868164,0.3429097831249237,1.7411130666732788,-0.13751927018165588
1692286067903365448,28,1692286067902677358,,panda_joint1,panda_joint2,panda_joint3,panda_joint4,panda_joint5,panda_joint6,panda_joint7,-0.10794240565748636,-0.7506298862098483,0.039112938952747964,-2.2965003170054774,-0.034015526075965995,1.5194445353592954,0.7925745491882163,-0.08470578209469863,0.036679082014728456,0.01917169809193956,0.05361208854020801,-0.02243481314314263,-0.022041284189354648,0.000903518869134606,-0.05091500282287598,-3.6023502349853516,-0.26392650604248047,21.79837417602539,0.3676290214061737,1.6843503713607788,-0.13111057877540588
1692286067937255919,29,1692286067936690847,,panda_joint1,panda_joint2,panda_joint3,panda_joint4,panda_joint5,panda_joint6,panda_joint7,-0.11064233911684788,-0.7492983580509457,0.039740648456822236,-2.294583182019588,-0.03491555684293372,1.518422114976463,0.7925745491882163,-0.07254163078758105,0.03753128865119025,0.02150151578167773,0.05574380319842165,-0.021343020786374216,-0.032289327020589495,0.001000811741511858,0.17125296592712402,-3.6023502349853516,-0.22425365447998047,21.83804702758789,0.3676290214061737,1.7548459768295288,-0.13111057877540588
1692286067971378556,30,1692286067970726481,,panda_joint1,panda_joint2,panda_joint3,panda_joint4,panda_joint5,panda_joint6,panda_joint7,-0.11318124963854914,-0.7479048216654832,0.04031509623623114,-2.292775162651585,-0.03581626032162718,1.5174922576262184,0.7925694629243676,-0.07296170314506173,0.040212021253566245,0.01982688975649262,0.050182913084597824,-0.028434416487681875,-0.024302340714084734,-0.001223637374112668,0.09984183311462402,-3.8245182037353516,-0.22425365447998047,21.91739273071289,0.3493184745311737,1.7475217580795288,-0.08533420413732529
1692286068005523642,31,1692286068004679438,,panda_joint1,panda_joint2,panda_joint3,panda_joint4,panda_joint5,panda_joint6,panda_joint7,-0.11562229947306316,-0.7465045705243929,0.040916704918662825,-2.2910006347197194,-0.036739802413629674,1.5165715181378274,0.7925766854207039,-0.07734817338029717,0.035567056222857926,0.019458530745798112,0.05443849565424165,-0.024305437679177845,-0.026086236147766926,0.0012521245597155364,-0.015209436416625977,-3.8602237701416016,-0.22425365447998047,22.07211685180664,0.3612203299999237,1.7127317190170288,-0.15033665299415588
1692286068039394952,32,1692286068038692760,,panda_joint1,panda_joint2,panda_joint3,panda_joint4,panda_joint5,panda_joint6,panda_joint7,-0.11808622581296394,-0.7450857034761209,0.041528409518478165,-2.2891390467040913,-0.03762134883259336,1.515657900208044,0.7925759733355814,-0.07237077655709541,0.032963683036666226,0.014186551414350781,0.05416183089306863,-0.029179610788417663,-0.029811956335630274,0.0010843614830573591,-0.12629342079162598,-3.9356021881103516,-0.33533763885498047,22.07211685180664,0.3429097831249237,1.7337888479232788,-0.14392796158790588
1692286068073441198,33,1692286068072736364,,panda_joint1,panda_joint2,panda_joint3,panda_joint4,panda_joint5,panda_joint6,panda_joint7,-0.12050475981799735,-0.7436763309674338,0.04205158086706132,-2.287206662271842,-0.03847618073819012,1.5148108632031794,0.7925694624337613,-0.07924494760224517,0.038637369808452844,0.012710203864128215,0.06461451151864539,-0.02766400943939236,-0.019992104698768467,0.0002878972368171367,0.09984183311462402,-4.118097305297852,-0.29963207244873047,22.10782241821289,0.3429097831249237,1.7475217580795288,-0.08533420413732529
1692286068107385931,34,1692286068106663114,,panda_joint1,panda_joint2,panda_joint3,panda_joint4,panda_joint5,panda_joint6,panda_joint7,-0.1229446790205427,-0.7423370293262413,0.04253358004349226,-2.285174745542902,-0.039310622963991515,1.51399450663898,0.7925701749466825,-0.07043957477222433,0.03887892255788038,0.01657323727681091,0.06238560065492731,-0.024495669907203938,-0.019038615642001093,-0.001181541430325492,-0.08662056922912598,-4.118097305297852,-0.33533763885498047,21.91739273071289,0.3310079276561737,1.7127317190170288,-0.09174289554357529
1692286068141653829,35,1692286068140714484,,panda_joint1,panda_joint2,panda_joint3,panda_joint4,panda_joint5,panda_joint6,panda_joint7,-0.1253282684246372,-0.7410746123324282,0.04298392734286631,-2.2831750920114944,-0.040177890583384085,1.5132499450036112,0.7925762085815269,-0.0674949217912494,0.03205384107871195,0.013055719406385603,0.058597815929376657,-0.028619489667430466,-0.021662491022820626,0.001833563666377395,0.09984183311462402,-3.8245182037353516,-0.14887523651123047,21.91739273071289,0.3557271659374237,1.7264646291732788,-0.15033665299415588
1692286068175755324,36,1692286068174687781,,panda_joint1,panda_joint2,panda_joint3,panda_joint4,panda_joint5,panda_joint6,panda_joint7,-0.12760709152578006,-0.739820918871724,0.04341846248014036,-2.2812790883522935,-0.04095511491812593,1.512481951011701,0.7925701735294709,-0.06590377070097768,0.038593811274790585,0.018091714487416678,0.05503630996966575,-0.013599300531104048,-0.017497792044371418,-0.0008984206638543323,0.024463415145874023,-3.8998966217041016,-0.26392650604248047,21.72299575805664,0.3310079276561737,1.6916745901107788,-0.09174289554357529
1692286068209428314,37,1692286068208692523,,panda_joint1,panda_joint2,panda_joint3,panda_joint4,panda_joint5,panda_joint6,panda_joint7,-0.12984631733126084,-0.7385326527576432,0.04385653995900327,-2.2794941269419673,-0.041707244232648155,1.5117340233970602,0.792573123562023,-0.06910290309884162,0.036628668676704265,0.019029769733525707,0.04697956545657807,-0.02461322607417155,-0.024329730511944845,-0.0001179263884631413,-0.05091500282287598,-3.8602237701416016,-0.37501049041748047,21.83804702758789,0.3374166190624237,1.7200559377670288,-0.11829318851232529
1692286068243245463,38,1692286068242677472,,panda_joint1,panda_joint2,panda_joint3,panda_joint4,panda_joint5,panda_joint6,panda_joint7,-0.13213004037288803,-0.7371612879035381,0.04427993835713304,-2.2776876895038023,-0.04247788067318051,1.5110132194066892,0.7925731250337418,-0.06103639090984669,0.04024254133666222,0.01313386210837717,0.05952182405404692,-0.02150976203680576,-0.020344108275326154,0.00014006792758007418,0.06016898155212402,-3.9356021881103516,-0.29963207244873047,21.87771987915039,0.3612203299999237,1.6989988088607788,-0.11829318851232529
1692286068278202510,39,1692286068276706362,,panda_joint1,panda_joint2,panda_joint3,panda_joint4,panda_joint5,panda_joint6,panda_joint7,-0.13433366508941433,-0.7356975007749347,0.04467831408606737,-2.275805319066878,-0.043288262886438805,1.5103366978653059,0.7925715991548361,-0.06459506122102311,0.04232980680413324,0.007958586287879718,0.05188261313048343,-0.02301978206020199,-0.01962689880793226,-0.00031854660290110275,-0.08662056922912598,-4.153802871704102,-0.37501049041748047,21.87771987915039,0.3310079276561737,1.6559690237045288,-0.10456027835607529
1692286068311479698,40,1692286068310666632,,panda_joint1,panda_joint2,panda_joint3,panda_joint4,panda_joint5,panda_joint6,panda_joint7,-0.13658344769298925,-0.7342331754280471,0.045053817880475494,-2.2738904396039783,-0.04406417575401414,1.5096807090884332,0.7925723067620173,-0.0677100616666227,0.04361309760851252,0.009806660067655815,0.057587113665622566,-0.013380528393388737,-0.02453768415537129,-7.011935669302645e-06,0.09984183311462402,-4.264886856079102,-0.26392650604248047,21.87771987915039,0.3557271659374237,1.7054075002670288,-0.11096896976232529
1692286068345346024,41,1692286068344672888,,panda_joint1,panda_joint2,panda_joint3,panda_joint4,panda_joint5,panda_joint6,panda_joint7,-0.13872516195148246,-0.7327766448871527,0.04540364978250092,-2.271908937588722,-0.044782879598713764,1.5089952300205094,0.7925683900407645,-0.05861614788269272,0.04145418293017747,0.008787749000744317,0.05914891312189519,-0.025369439327653197,-0.02502053941449905,-0.0013404845908705728,0.06016898155212402,-4.340265274047852,-0.22425365447998047,21.95309829711914,0.3493184745311737,1.7337888479232788,-0.08533420413732529
1692286068379660822,42,1692286068378861112,,panda_joint1,panda_joint2,panda_joint3,panda_joint4,panda_joint5,panda_joint6,panda_joint7,-0.1407948226204525,-0.73138519423393,0.045741412541338254,-2.2699797261632493,-0.045489876885721946,1.5083859621940299,0.7925723111771512,-0.059466961896476406,0.03571487976278729,0.01034399954024257,0.055416776916985974,-0.02022135987460937,-0.020201316404253544,-0.0004069977889924002,0.024463415145874023,-4.340265274047852,-0.29963207244873047,21.87771987915039,0.3255147635936737,1.7337888479232788,-0.11096896976232529
1692286068413688254,43,1692286068412752913,,panda_joint1,panda_joint2,panda_joint3,panda_joint4,panda_joint5,panda_joint6,panda_joint7,-0.14282659530611022,-0.7300423008714021,0.046064149851977,-2.2681996236861464,-0.046175138601081474,1.507807121619405,0.7925738370553845,-0.06405603955837477,0.037574781869491244,0.008874256677670419,0.04643183926284741,-0.023456187739233508,-0.009281082404871297,0.0007079710920608373,0.024463415145874023,-4.229181289672852,-0.37501049041748047,21.87771987915039,0.3374166190624237,1.6770261526107788,-0.12470187991857529
1692286068447713502,44,1692286068446655256,,panda_joint1,panda_joint2,panda_joint3,panda_joint4,panda_joint5,panda_joint6,panda_joint7,-0.14487194704573023,-0.728706633967805,0.046353230422521145,-2.266485795857521,-0.046872334486129326,1.5072019329896715,0.7925737929589021,-0.05937966370700202,0.03950004395267625,0.01242767629168076,0.048761398645488556,-0.01687677414718988,-0.012345273094008302,0.0003061446393319376,0.09984183311462402,-4.300592422485352,-0.29963207244873047,21.83804702758789,0.3429097831249237,1.7054075002670288,-0.12470187991857529
1692286068481837151,45,1692286068480706516,,panda_joint1,panda_joint2,panda_joint3,panda_joint4,panda_joint5,panda_joint6,panda_joint7,-0.14690690831050132,-0.7273380609443395,0.046618533031464064,-2.264743537282222,-0.04753353484875578,1.5066316002443614,0.7925687374324873,-0.060810516519917,0.04535206909106902,0.00702131431873056,0.05061234948215567,-0.019264056127070897,-0.013688910433062904,-0.0006677243839455053,0.06016898155212402,-4.558465957641602,-0.29963207244873047,22.03244400024414,0.3676290214061737,1.7200559377670288,-0.07892551273107529
1692286068515690383,46,1692286068514665288,,panda_joint1,panda_joint2,panda_joint3,panda_joint4,panda_joint5,panda_joint6,panda_joint7,-0.1489405035980004,-0.7259678534162691,0.04685853650001126,-2.2629053087255877,-0.04814848817913847,1.5060822213084568,0.7925723112316594,-0.057679421762815326,0.039168987075888666,0.004130421563047072,0.05158041113483918,-0.014673551714330896,-0.01523875546964625,0.00035236854657750714,-0.05091500282287598,-4.522760391235352,-0.29963207244873047,21.91739273071289,0.3493184745311737,1.6989988088607788,-0.11096896976232529
1692286068549567779,47,1692286068548713435,,panda_joint1,panda_joint2,panda_joint3,panda_joint4,panda_joint5,panda_joint6,panda_joint7,-0.1508794073249604,-0.7246071926431865,0.04703848693583844,-2.261039942966278,-0.048743260638891596,1.5055702342401218,0.7925733602713886,-0.05690159628777777,0.042402505849003784,0.007063112098912073,0.055054158912689284,-0.017613717415894244,-0.011883757330621704,9.198675458522576e-05,-0.05091500282287598,-4.447381973266602,-0.22425365447998047,21.95309829711914,0.3493184745311737,1.7337888479232788,-0.12470187991857529
1692286068583525585,48,1692286068582673650,,panda_joint1,panda_joint2,panda_joint3,panda_joint4,panda_joint5,panda_joint6,panda_joint7,-0.15282601730665715,-0.7232246683626372,0.04721435966171324,-2.259122692404925,-0.049352806163396,1.5050985284339629,0.7925689713700105,-0.06196332989452134,0.03782913616096025,0.005360873692587964,0.05479395174972681,-0.012151232218852854,-0.01634343347983933,-0.001224643815373238,0.06016898155212402,-4.487054824829102,-0.22425365447998047,21.87771987915039,0.3493184745311737,1.7054075002670288,-0.08533420413732529
1692286068617810837,49,1692286068616954220,,panda_joint1,panda_joint2,panda_joint3,panda_joint4,panda_joint5,panda_joint6,panda_joint7,-0.1546610004022099,-0.7218462295308798,0.04737822897790415,-2.2572102920703125,-0.04995927656120939,1.5046705828001548,0.7925731250337583,-0.05273237206714423,0.0401343066089092,0.002587350206323635,0.055745831264933196,-0.017227365685038888,-0.011593741951988864,0.00039006675084964017,-0.015209436416625977,-4.340265274047852,-0.41071605682373047,21.72299575805664,0.3255147635936737,1.6495603322982788,-0.11829318851232529
1692286068651613531,50,1692286068650679824,,panda_joint1,panda_joint2,panda_joint3,panda_joint4,panda_joint5,panda_joint6,panda_joint7,-0.1565365662475028,-0.7204255625638644,0.04755742389281807,-2.2553954464767485,-0.05050358786362765,1.5042390413961158,0.7925752612105228,-0.05481197203375854,0.0387201784929008,0.002305071922253729,0.05040502908999524,-0.011522978244765865,-0.016524017248212567,0.0008798809149950038,-0.015209436416625977,-4.411676406860352,-0.26392650604248047,21.76266860961914,0.3429097831249237,1.7054075002670288,-0.13751927018165588
1692286068685642388,51,1692286068684722346,,panda_joint1,panda_joint2,panda_joint3,panda_joint4,panda_joint5,panda_joint6,panda_joint7,-0.15837983148337548,-0.719009265397045,0.04769707447142667,-2.2537218524166343,-0.05103470465834772,1.5038387544673844,0.7925672244235572,-0.0541979963820004,0.03975875349565749,0.001384939475035296,0.04680801216033225,-0.024216389705162596,-0.011097551498153722,-0.0013891216430842266,-0.05091500282287598,-4.522760391235352,-0.33533763885498047,21.83804702758789,0.3493184745311737,1.6843503713607788,-0.06519260257482529
1692286068719745337,52,1692286068718661538,,panda_joint1,panda_joint2,panda_joint3,panda_joint4,panda_joint5,panda_joint6,panda_joint7,-0.16021369287029733,-0.7175774757440915,0.04779891247704431,-2.252059005298966,-0.05155605866938052,1.5034295290457713,0.7925763277908164,-0.05424178958245353,0.03804591943196806,0.0070759268040968635,0.05002485417433755,-0.018014403261109892,-0.008861260403635733,0.0012410402305923537,-0.12629342079162598,-4.891717910766602,-0.37501049041748047,22.03244400024414,0.3374166190624237,1.7411130666732788,-0.15033665299415588
1692286068753731207,53,1692286068752715071,,panda_joint1,panda_joint2,panda_joint3,panda_joint4,panda_joint5,panda_joint6,panda_joint7,-0.16211717474870613,-0.7161959216270943,0.04792646825738072,-2.2502876796287565,-0.05205568636959719,1.5030451414004877,0.7925738326408902,-0.052412220970541955,0.04591357918980659,0.0014200630089787887,0.05832999566656353,-0.01599800435562753,-0.012269014192634492,-0.0005565405338047146,-0.015209436416625977,-4.852045059204102,-0.37501049041748047,21.95309829711914,0.3310079276561737,1.7127317190170288,-0.12470187991857529
1692286068787669232,54,1692286068786721595,,panda_joint1,panda_joint2,panda_joint3,panda_joint4,panda_joint5,panda_joint6,panda_joint7,-0.16387926572977146,-0.7148796602811126,0.04798295202511672,-2.24845280078615,-0.052543149213552354,1.5026906460403615,0.7925708870797804,-0.05248901335122746,0.03896696998358603,0.0019248704267468247,0.057813423697243994,-0.01447376470762213,-0.0057583610426019585,0.00027286917451626675,-0.05091500282287598,-4.780633926391602,-0.26392650604248047,21.83804702758789,0.3191060721874237,1.6989988088607788,-0.09815158694982529
1692286068821291324,55,1692286068820704846,,panda_joint1,panda_joint2,panda_joint3,panda_joint4,panda_joint5,panda_joint6,panda_joint7,-0.1655851737763556,-0.7135909229025198,0.04804035446123908,-2.2465701319222036,-0.0530390651916604,1.5023431564374286,0.7925723112316261,-0.046074158387004946,0.041633468713812856,0.0004234416447573654,0.051434971801976544,-0.0074659232638392276,-0.00996362026226359,0.000737726472884115,0.06016898155212402,-4.633844375610352,-0.26392650604248047,21.87771987915039,0.3429097831249237,1.7200559377670288,-0.11096896976232529
1692286068855507602,56,1692286068854714499,,panda_joint1,panda_joint2,panda_joint3,panda_joint4,panda_joint5,panda_joint6,panda_joint7,-0.1672303182280915,-0.7122885579066858,0.04811106980214998,-2.244690761441246,-0.053489599757755496,1.5020164366541053,0.7925680343553304,-0.047547600467391524,0.03714279754459567,0.003316186356931682,0.05277649837006521,-0.010796782802564072,-0.014819300779257815,-0.0014844137707896016,0.024463415145874023,-4.633844375610352,-0.22425365447998047,21.79837417602539,0.3374166190624237,1.7264646291732788,-0.07251682132482529
1692286068889561627,57,1692286068888677114,,panda_joint1,panda_joint2,panda_joint3,panda_joint4,panda_joint5,panda_joint6,panda_joint7,-0.16890420694650063,-0.7109474495293729,0.04820183756471019,-2.2428983340951016,-0.05390585944355362,1.501758289578529,0.7925723112316593,-0.05028542390706907,0.04233947797667392,0.003936963085058004,0.0481896726558552,-0.0089178968442791,-0.010485401347380146,-0.00037022661821926926,-0.015209436416625977,-4.669549942016602,-0.33533763885498047,21.64365005493164,0.3255147635936737,1.7054075002670288,-0.11096896976232529
1692286068923468778,58,1692286068922704787,,panda_joint1,panda_joint2,panda_joint3,panda_joint4,panda_joint5,panda_joint6,panda_joint7,-0.1705673313566342,-0.7095455961738399,0.04824640261432305,-2.2412463389952113,-0.054305337342214134,1.5015048557679762,0.7925701749466825,-0.047483082637462155,0.039287283573703966,-5.155259204812744e-05,0.05030508079172749,-0.0037103800171505883,-0.008603099282033101,-0.0005645492411022116,-0.05091500282287598,-4.780633926391602,-0.29963207244873047,21.76266860961914,0.3255147635936737,1.6989988088607788,-0.09174289554357529
1692286068957757684,59,1692286068956668160,,panda_joint1,panda_joint2,panda_joint3,panda_joint4,panda_joint5,panda_joint6,panda_joint7,-0.17220082642232282,-0.7081110776546575,0.04826373150959187,-2.239631333978689,-0.05470285483809317,1.5012307781868717,0.7925752612589827,-0.04864355738853192,0.040878611057279704,0.0016113917877741556,0.04925738818160108,-0.016160239967415852,-0.010994810240332914,0.0012271543165407657,-0.08662056922912598,-4.927423477172852,-0.29963207244873047,21.83804702758789,0.3255147635936737,1.7200559377670288,-0.13751927018165588
1692286068991658760,60,1692286068990646806,,panda_joint1,panda_joint2,panda_joint3,panda_joint4,panda_joint5,panda_joint6,panda_joint7,-0.17385203463189575,-0.70666617142097,0.048286975251676766,-2.237989004600785,-0.05507818449605616,1.501007970032684,0.7925669386877157,-0.045590609723649506,0.04262865823142392,0.0005522748677216318,0.04569348921745934,-0.010461299262017117,-0.00612220669780549,-0.0009673284686759387,-0.05091500282287598,-5.038507461547852,-0.29963207244873047,21.91739273071289,0.3374166190624237,1.7200559377670288,-0.09174289554357529
1692286069025551405,61,1692286069024675491,,panda_joint1,panda_joint2,panda_joint3,panda_joint4,panda_joint5,panda_joint6,panda_joint7,-0.17547914418717564,-0.705228256175999,0.04831158939220833,-2.2362673236197765,-0.05543656824214807,1.5008338360678188,0.7925745491337083,-0.04562027207045478,0.04447463792700641,0.0010471953043351741,0.049991635708243165,-0.009464611294740596,-0.011597390383037271,0.0010286310713821687,0.024463415145874023,-5.185297012329102,-0.33533763885498047,21.87771987915039,0.3374166190624237,1.6916745901107788,-0.13111057877540588
1692286069059589261,62,1692286069058675316,,panda_joint1,panda_joint2,panda_joint3,panda_joint4,panda_joint5,panda_joint6,panda_joint7,-0.17706066065155396,-0.7038608733450886,0.04831514456758065,-2.234491433488521,-0.055792011895254096,1.5006337838572081,0.7925720521502115,-0.04566265405585516,0.040563684670198004,0.0009060334938845716,0.051488850097092864,-0.006094290503809732,-0.006863153707265978,0.0004135782504215693,-0.015209436416625977,-5.074213027954102,-0.33533763885498047,21.91739273071289,0.3310079276561737,1.6843503713607788,-0.11829318851232529
1692286069093586039,63,1692286069092703937,,panda_joint1,panda_joint2,panda_joint3,panda_joint4,panda_joint5,panda_joint6,panda_joint7,-0.17860367006065894,-0.7025388603039965,0.048323287229350365,-2.2326484956198773,-0.05615550672512919,1.5004670807441385,0.7925734761410833,-0.0393608580044579,0.03330680987762251,0.0017055148239982702,0.05312979878152055,-0.00868299841952238,-0.0071516600621118025,0.0006434048705986565,-0.08662056922912598,-5.038507461547852,-0.37501049041748047,21.91739273071289,0.3557271659374237,1.7054075002670288,-0.13111057877540588
1692286069127766916,64,1692286069126727763,,panda_joint1,panda_joint2,panda_joint3,panda_joint4,panda_joint5,panda_joint6,panda_joint7,-0.18008948218357812,-0.7012711394161345,0.048318705572223314,-2.2308532019333938,-0.056500768156679995,1.5003495571445333,0.792573837601136,-0.04401284319508483,0.03791451919781979,0.0005316895317250026,0.04944429864924494,-0.0048304859106565665,-0.0013406184285224057,0.0011985865159588242,0.024463415145874023,-5.109918594360352,-0.33533763885498047,21.76266860961914,0.3374166190624237,1.7200559377670288,-0.12470187991857529
1692286069161670704,65,1692286069160706024,,panda_joint1,panda_joint2,panda_joint3,panda_joint4,panda_joint5,panda_joint6,panda_joint7,-0.18157310703700535,-0.7000177976039447,0.04832650349525794,-2.229173920135986,-0.05681780458143528,1.500189098369588,0.7925727546366109,-0.04173349148183672,0.03684378649265782,0.000438187436909507,0.052755030321573304,-0.006204057085614732,-0.0047371440533425565,0.000819498939875877,-0.08662056922912598,-4.927423477172852,-0.41071605682373047,21.79837417602539,0.3255147635936737,1.7127317190170288,-0.14392796158790588
1692286069195478478,66,1692286069194692827,,panda_joint1,panda_joint2,panda_joint3,panda_joint4,panda_joint5,panda_joint6,panda_joint7,-0.18308843796837018,-0.6987000658863937,0.04831836385813437,-2.2275618375683623,-0.057114809978022305,1.500059561517775,0.7925731245491512,-0.04342074583513215,0.043231276365101864,-0.001284719118419277,0.046888429795880204,-0.010403948326728528,-0.0009459139321498797,0.0006419072782360931,-0.12629342079162598,-5.109918594360352,-0.33533763885498047,21.76266860961914,0.3126973807811737,1.7127317190170288,-0.11829318851232529
1692286069229430392,67,1692286069228651338,,panda_joint1,panda_joint2,panda_joint3,panda_joint4,panda_joint5,panda_joint6,panda_joint7,-0.18459468172038615,-0.6973485277240207,0.04832046103761831,-2.225973473272895,-0.05741377642227452,1.4999653679166112,0.7925715991548115,-0.04011095679611263,0.04467877506186357,0.0006577729226609803,0.04836052974901929,-0.008919578034089387,-0.005205722506505238,-0.001336376857321323,0.09984183311462402,-5.109918594360352,-0.41071605682373047,21.83804702758789,0.3429097831249237,1.7264646291732788,-0.10456027835607529
1692286069264896052,68,1692286069262698425,,panda_joint1,panda_joint2,panda_joint3,panda_joint4,panda_joint5,panda_joint6,panda_joint7,-0.18600975642936696,-0.69591619151018,0.04831510957225693,-2.224321377323877,-0.057667295386305224,1.499859472255537,0.7925712413634434,-0.038686327440696784,0.04302013867395695,-0.0012746736425290185,0.04499974590458768,-0.005744280308026306,-0.0015407425733337638,-0.00034941945872731,-0.08662056922912598,-5.292413711547852,-0.37501049041748047,21.87771987915039,0.3310079276561737,1.7411130666732788,-0.10456027835607529
1692286069297430277,69,1692286069296706591,,panda_joint1,panda_joint2,panda_joint3,panda_joint4,panda_joint5,panda_joint6,panda_joint7,-0.1874734357562744,-0.6944932376729241,0.04831513194168098,-2.2226403629883418,-0.05792704487173424,1.499770848879677,0.7925694565604825,-0.040461980313279425,0.038325735228271034,-0.000898778196213036,0.04484919910929251,-0.008689219268339696,-0.0037205956780933594,-0.0006277438338169947,-0.015209436416625977,-5.403497695922852,-0.41071605682373047,21.87771987915039,0.3310079276561737,1.7475217580795288,-0.09815158694982529
1692286069331925430,70,1692286069330718805,,panda_joint1,panda_joint2,panda_joint3,panda_joint4,panda_joint5,panda_joint6,panda_joint7,-0.18893647448026826,-0.6931293346761915,0.048301284502618565,-2.2208905295534156,-0.05816822743157021,1.4997121521768801,0.7925676779637145,-0.03454496446226788,0.03748425358966559,0.00010469684791936856,0.055556691929602574,-0.0010227940655706974,-0.0038569334644906255,-0.001035043414091037,0.13554739952087402,-5.439203262329102,-0.41071605682373047,21.87771987915039,0.3429097831249237,1.7200559377670288,-0.07892551273107529
1692286069366050313,71,1692286069364654706,,panda_joint1,panda_joint2,panda_joint3,panda_joint4,panda_joint5,panda_joint6,panda_joint7,-0.19031435431510116,-0.691793448092845,0.04829698369484033,-2.219106679215443,-0.0583782463599201,1.4996505929376398,0.7925715942484314,-0.04189060910259523,0.040140209078465376,-0.0017093379042615064,0.05268918264508926,-0.0038418664347235005,-0.0007043006857375752,-0.0032415465083526387,0.06016898155212402,-5.403497695922852,-0.48609447479248047,21.79837417602539,0.3310079276561737,1.7411130666732788,-0.10456027835607529
1692286069399480385,72,1692286069398659010,,panda_joint1,panda_joint2,panda_joint3,panda_joint4,panda_joint5,panda_joint6,panda_joint7,-0.19165448903321647,-0.690484305447046,0.04828393270685092,-2.2174271940246575,-0.05858743218008911,1.4996124067330245,0.7925738370558331,-0.03488231597366867,0.03743107078206405,7.101415873316754e-05,0.0492734233483496,-0.0077459600613597485,-0.003684458719070507,2.360084359577168e-05,-0.05091500282287598,-5.367792129516602,-0.5575056076049805,21.72299575805664,0.3429097831249237,1.7200559377670288,-0.12470187991857529
1692286069433488599,73,1692286069432704379,,panda_joint1,panda_joint2,panda_joint3,panda_joint4,panda_joint5,panda_joint6,panda_joint7,-0.19295457691653115,-0.68922463668914,0.048213641339966605,-2.215885573517524,-0.05879746875652663,1.4995765653493078,0.7925683963983413,-0.036428329704125885,0.03738608498311518,0.00045840847965773296,0.04281532445201856,-0.005835313415045187,-9.549855402094037e-05,-0.0019976752083101755,-0.05091500282287598,-5.403497695922852,-0.7082624435424805,21.79837417602539,0.3255147635936737,1.7264646291732788,-0.07251682132482529
1692286069467922605,74,1692286069466724379,,panda_joint1,panda_joint2,panda_joint3,panda_joint4,panda_joint5,panda_joint6,panda_joint7,-0.1942747115194408,-0.6879626730305595,0.048145092810758634,-2.2144018178676297,-0.058978029151657015,1.4995414928853572,0.7925702014921439,-0.038427021900170784,0.03649876821428884,-0.0009056203499547204,0.04085529263363682,-0.0036613053188751044,-0.00016655906178597384,-0.0009271726105258454,-0.05091500282287598,-5.478876113891602,-0.6725568771362305,21.95309829711914,0.3255147635936737,1.7475217580795288,-0.09174289554357529
1692286069501602762,75,1692286069500631880,,panda_joint1,panda_joint2,panda_joint3,panda_joint4,panda_joint5,panda_joint6,panda_joint7,-0.19560148395130852,-0.6867044008767464,0.04809920874512009,-2.2128738864566215,-0.05918319243620682,1.4995242683075496,0.7925668672862618,-0.03182198626788389,0.04350307962278156,-0.001513391665148513,0.04662925362139994,-0.005245928775727064,-0.0005351584354295607,-0.001783137391383247,-0.05091500282287598,-5.478876113891602,-0.7439680099487305,21.91739273071289,0.3310079276561737,1.7694944143295288,-0.06519260257482529
1692286069535730915,76,1692286069534688050,,panda_joint1,panda_joint2,panda_joint3,panda_joint4,panda_joint5,panda_joint6,panda_joint7,-0.19688648199015021,-0.6854020875260871,0.047993282920297,-2.2112541528980207,-0.059341914651859194,1.4995187101451064,0.7925758541325699,-0.03782561856018596,0.0404147927950879,-0.0073390919679240055,0.047830761549709506,-0.004025893132544331,-0.000447871484740452,-0.0026897860761428104,-0.08662056922912598,-5.550287246704102,-0.7439680099487305,21.76266860961914,0.3310079276561737,1.7621701955795288,-0.14392796158790588
1692286069570067223,77,1692286069568983192,,panda_joint1,panda_joint2,panda_joint3,panda_joint4,panda_joint5,panda_joint6,panda_joint7,-0.19815521084863424,-0.6840863674038911,0.04786578022827943,-2.2096232396584505,-0.059513780394242204,1.4995158027857844,0.7925694626881657,-0.03876194668168706,0.04045866744919886,-0.0013285755782653397,0.05128126514535129,-0.003003239223702806,-0.000302581247993341,-0.0013191069314040145,-0.05091500282287598,-5.514581680297852,-0.7836408615112305,21.72299575805664,0.3374166190624237,1.7548459768295288,-0.08533420413732529
1692286069603354338,78,1692286069602765464,,panda_joint1,panda_joint2,panda_joint3,panda_joint4,panda_joint5,panda_joint6,panda_joint7,-0.1994529744524197,-0.6827539798812651,0.04773180462014573,-2.207979408106747,-0.05963822983744162,1.499514188309648,0.7925714387373974,-0.04379170744067072,0.03635486015492872,-0.0036364143181696787,0.042748351747406446,-0.00857891603029444,-0.00014311802722843697,0.0002589424918499006,-0.08662056922912598,-5.550287246704102,-0.7439680099487305,21.87771987915039,0.3126973807811737,1.7694944143295288,-0.10456027835607529
1692286069637297231,79,1692286069636678806,,panda_joint1,panda_joint2,panda_joint3,panda_joint4,panda_joint5,panda_joint6,panda_joint7,-0.20074577443373967,-0.6813827162770909,0.04760399599469501,-2.2063116897599118,-0.05977998067780836,1.4995180864294317,0.7925745491882163,-0.041390886794135114,0.03552341141220118,-0.004251599993283495,0.046395532216623125,-0.0008196364562500965,4.1601240839280306e-05,0.0011936718970440544,0.024463415145874023,-5.736749649047852,-0.7082624435424805,21.87771987915039,0.3374166190624237,1.7759031057357788,-0.13111057877540588
1692286069671387501,80,1692286069670640401,,panda_joint1,panda_joint2,panda_joint3,panda_joint4,panda_joint5,panda_joint6,panda_joint7,-0.20197415900651516,-0.6800530958451639,0.047467427216869314,-2.204688634266384,-0.059894791780518784,1.4995166164636609,0.7925745491861975,-0.034911517844411794,0.03775791443556749,-0.006002172881161618,0.04796394133094468,-0.001682324441527932,0.004030599939199068,0.0012614922648691057,0.024463415145874023,-5.772455215454102,-0.7439680099487305,21.79837417602539,0.3310079276561737,1.7905515432357788,-0.13111057877540588
1692286069705665601,81,1692286069704640881,,panda_joint1,panda_joint2,panda_joint3,panda_joint4,panda_joint5,panda_joint6,panda_joint7,-0.20317802002101004,-0.6787597977320154,0.04732900052253896,-2.203134927592489,-0.05998726567696507,1.4995214322790489,0.7925708869140405,-0.04319563627407103,0.03560421514304059,-0.008375964568426307,0.04168403468922257,-0.002338622589041774,-0.0001261049962210459,-0.00036815867310806364,-0.015209436416625977,-5.697076797485352,-0.7082624435424805,21.76266860961914,0.3429097831249237,1.8042844533920288,-0.09815158694982529
1692286069739249650,82,1692286069738635390,,panda_joint1,panda_joint2,panda_joint3,panda_joint4,panda_joint5,panda_joint6,panda_joint7,-0.20438070929920218,-0.6775030386268486,0.04719122843500203,-2.20167001004948,-0.060102228892426175,1.4995354053615104,0.7925759600963856,-0.03622279327065163,0.033270842564727,-0.001911698141365523,0.04006322241485126,-0.0005056856135406152,-0.000273154960720966,0.011136560753361245,0.024463415145874023,-5.625665664672852,-0.7836408615112305,21.76266860961914,0.3374166190624237,1.8326658010482788,-0.14392796158790588
1692286069773283998,83,1692286069772687331,,panda_joint1,panda_joint2,panda_joint3,panda_joint4,panda_joint5,panda_joint6,panda_joint7,-0.2055418838323161,-0.6762589053370748,0.04702346438969484,-2.2002150493617103,-0.06017084528890117,1.4995470482841318,0.7925676774733408,-0.0357282176062779,0.03531114368944197,-0.0060926822010528734,0.04043890931160686,-0.0017124730368445725,1.3349157369956261e-05,-0.0014818321309831616,0.024463415145874023,-5.808160781860352,-0.7439680099487305,21.79837417602539,0.3557271659374237,1.8610471487045288,-0.07892551273107529
1692286069807704000,84,1692286069806702180,,panda_joint1,panda_joint2,panda_joint3,panda_joint4,panda_joint5,panda_joint6,panda_joint7,-0.20664906734049607,-0.6749941897230599,0.04682592621502233,-2.1987098644357634,-0.060257852473373424,1.4995877365152184,0.7925741057287566,-0.030255632353858447,0.04527980019763797,-0.005857961873921491,0.04406018429995709,-9.343781957142259e-05,0.0010944151696045648,-0.0008606246535233004,-0.08662056922912598,-5.990655899047852,-0.7082624435424805,21.76266860961914,0.3191060721874237,1.8821042776107788,-0.09815158694982529
1692286069841453242,85,1692286069840689930,,panda_joint1,panda_joint2,panda_joint3,panda_joint4,panda_joint5,panda_joint6,panda_joint7,-0.20784097465992402,-0.6737552017123364,0.0466799026143468,-2.1971455818392394,-0.060319011695543504,1.499741283782327,0.7925731245431695,-0.035294668026677155,0.0410648217293526,-0.00027517205945214667,0.04720328689077063,-0.002169742153601221,0.0003950535947646382,0.0005300549533840163,0.09984183311462402,-5.883539199829102,-0.7836408615112305,21.68332290649414,0.3612203299999237,1.8821042776107788,-0.11829318851232529
1692286069875662362,86,1692286069874644685,,panda_joint1,panda_joint2,panda_joint3,panda_joint4,panda_joint5,panda_joint6,panda_joint7,-0.20898435731375034,-0.6725248750101013,0.04652893219054621,-2.1955503437043062,-0.06036896130293171,1.4997816151591974,0.7925738371105653,-0.031257351301904684,0.042943923767770634,-0.0049076317332507014,0.04959867695850356,-0.0008895163312940106,0.005652700752319716,0.003822038025656626,-0.05091500282287598,-5.919244766235352,-0.8550519943237305,21.72299575805664,0.3255147635936737,1.9031614065170288,-0.12470187991857529
1692286069909619171,87,1692286069908654399,,panda_joint1,panda_joint2,panda_joint3,panda_joint4,panda_joint5,panda_joint6,panda_joint7,-0.2101041731383815,-0.6712977112822781,0.046370570541605136,-2.1939454378803847,-0.060406855482659096,1.4999217539187117,0.7925708733419637,-0.032776308497930666,0.040034280645540724,-0.004427569197120021,0.041830253719357606,-0.0010210385164973789,0.0008287078662824869,-0.0008792309801053606,-0.08662056922912598,-5.883539199829102,-0.8193464279174805,21.76266860961914,0.3310079276561737,1.9242185354232788,-0.09815158694982529
1692286069943587385,88,1692286069942770110,,panda_joint1,panda_joint2,panda_joint3,panda_joint4,panda_joint5,panda_joint6,panda_joint7,-0.21118657441350913,-0.6700237561061817,0.04619503566182303,-2.1923410532732297,-0.06044729639501291,1.5000036979309068,0.7925741788446901,-0.03139141546389491,0.04062184533073722,-0.006193242317235674,0.04051174973638036,-0.004665745139827782,0.002875892863032912,0.0018606398441377266,-0.015209436416625977,-5.919244766235352,-0.7439680099487305,21.68332290649414,0.3493184745311737,1.9168943166732788,-0.15674534440040588
1692286069979435078,89,1692286069976698809,,panda_joint1,panda_joint2,panda_joint3,panda_joint4,panda_joint5,panda_joint6,panda_joint7,-0.21230961296343734,-0.668760344486639,0.0460324625552108,-2.1908544513602233,-0.06046682446342098,1.500144296655408,0.7925720426142213,-0.034318890865670124,0.0323925836764792,-0.0015691741047507116,0.039298908442487936,0.00016651902447903114,0.006282734253867711,0.0011726873960454507,-0.08662056922912598,-5.883539199829102,-0.8550519943237305,21.72299575805664,0.3429097831249237,1.9315427541732788,-0.13751927018165588
1692286070011547406,90,1692286070010680200,,panda_joint1,panda_joint2,panda_joint3,panda_joint4,panda_joint5,panda_joint6,panda_joint7,-0.2134458138304233,-0.6674541529843696,0.04586245397441294,-2.189461568504642,-0.06048160751516818,1.500255878209062,0.7925687508475445,-0.029682820998047456,0.03732570187053801,-0.004654293987925031,0.039683197800580966,-0.00010234169344285479,0.0005112849930845954,0.005575053873760568,-0.015209436416625977,-6.101739883422852,-0.8193464279174805,21.83804702758789,0.3557271659374237,1.9379514455795288,-0.07892551273107529
1692286070045463068,91,1692286070044689639,,panda_joint1,panda_joint2,panda_joint3,panda_joint4,panda_joint5,panda_joint6,panda_joint7,-0.2145556221027377,-0.6661799562959693,0.04569024583972646,-2.1880932827685293,-0.06049655711146646,1.50040980473355,0.7925701750011657,-0.029553967400571448,0.03718612959538743,-0.003301440905953253,0.04409257457994005,4.992674122297891e-05,0.009082030953923854,-0.0007437762602197664,-0.05091500282287598,-6.212823867797852,-0.8193464279174805,21.79837417602539,0.3612203299999237,1.9663327932357788,-0.09174289554357529
1692286070079696559,92,1692286070078724092,,panda_joint1,panda_joint2,panda_joint3,panda_joint4,panda_joint5,panda_joint6,panda_joint7,-0.215586914663041,-0.6649284376160938,0.04549239062658128,-2.1867079460714947,-0.06050570765496058,1.5005407181075265,0.7925687506820016,-0.033982686060249546,0.03159467734011521,-0.009013175847474271,0.03986081862991371,0.0006146772754727867,0.00418166644342359,-0.0007516294874268635,-0.08662056922912598,-6.248529434204102,-0.7836408615112305,21.99277114868164,0.3429097831249237,2.0020382404327393,-0.07892551273107529
1692286070113182941,93,1692286070112618870,,panda_joint1,panda_joint2,panda_joint3,panda_joint4,panda_joint5,panda_joint6,panda_joint7,-0.2166243709025678,-0.6637228411919089,0.04531273641474514,-2.185257876502599,-0.06051253453425656,1.5006899571183892,0.7925661520850326,-0.03144795901058284,0.03603410012310345,-0.001596069609832828,0.03889744940045278,0.0002810595266047786,0.003966164875119735,-0.0022303198228407982,0.024463415145874023,-6.284235000610352,-0.8193464279174805,21.91739273071289,0.3612203299999237,1.9947141408920288,-0.06519260257482529
1692286070147314766,94,1692286070146631236,,panda_joint1,panda_joint2,panda_joint3,panda_joint4,panda_joint5,panda_joint6,panda_joint7,-0.21760855444010319,-0.6625613728891054,0.045124846855698376,-2.1837484523935817,-0.060512698458539536,1.5008578118304794,0.7925720426202776,-0.033494884034590174,0.029588967074468737,-0.005503380773139109,0.048911669314528866,0.00042699769533226017,0.0010019448372475682,-7.465036785744318e-05,-0.015209436416625977,-6.248529434204102,-0.8550519943237305,21.79837417602539,0.3612203299999237,1.9663327932357788,-0.13751927018165588
1692286070181226958,95,1692286070180658018,,panda_joint1,panda_joint2,panda_joint3,panda_joint4,panda_joint5,panda_joint6,panda_joint7,-0.21858391476087277,-0.6614204694364334,0.044935746847907326,-2.1822033459150885,-0.060515636773697326,1.5010113933523324,0.7925752612650392,-0.03085055043051397,0.032218680833942276,-0.0024335254725943774,0.04609171611201756,0.00010359167825157672,0.008917898519067496,0.0012106405276840412,-0.05091500282287598,-6.212823867797852,-0.8947248458862305,21.68332290649414,0.3859395682811737,1.9809812307357788,-0.13751927018165588
1692286070215352337,96,1692286070214651548,,panda_joint1,panda_joint2,panda_joint3,panda_joint4,panda_joint5,panda_joint6,panda_joint7,-0.2195277064326663,-0.660272537202857,0.044718989121414615,-2.180630405610042,-0.060514020135005314,1.5011876143630627,0.7925752612643654,-0.03197224612183391,0.033512292269452015,-0.007419508305127592,0.046727572325426014,-0.003210502581716755,0.007418100951103041,0.0013021923618260467,-0.08662056922912598,-6.177118301391602,-0.8193464279174805,21.64365005493164,0.4033345878124237,2.0020382404327393,-0.13751927018165588
1692286070249646614,97,1692286070248746959,,panda_joint1,panda_joint2,panda_joint3,panda_joint4,panda_joint5,panda_joint6,panda_joint7,-0.22052009485298968,-0.6590965036644183,0.044491810345926794,-2.1790926409621028,-0.06051317919401215,1.50140485334405,0.79257522151044,-0.024485779006505264,0.03288398294192885,-0.003518617423325913,0.04397040927034119,-0.00015296166012920893,0.0060764308319291235,0.0011161824172785768,-0.015209436416625977,-6.177118301391602,-0.8193464279174805,21.52859878540039,0.4097432792186737,2.0157711505889893,-0.13751927018165588
1692286070283746254,98,1692286070282646962,,panda_joint1,panda_joint2,panda_joint3,panda_joint4,panda_joint5,panda_joint6,panda_joint7,-0.22150620906594556,-0.6579077228323736,0.04424684108711127,-2.177662973209052,-0.06050979976939767,1.5015963211696939,0.7925683805019997,-0.03385048313902274,0.03721618706682521,-0.004713277133041235,0.03919224372981844,9.507619038011564e-05,0.00456721942538723,-0.0005691317057710977,-0.08662056922912598,-6.137445449829102,-0.8193464279174805,21.56827163696289,0.4216451346874237,2.0295040607452393,-0.10456027835607529
1692286070317562827,99,1692286070316736555,,panda_joint1,panda_joint2,panda_joint3,panda_joint4,panda_joint5,panda_joint6,panda_joint7,-0.2224693451126718,-0.656673697999128,0.044005369408985855,-2.176350464259006,-0.06050285746440643,1.5017503414942284,0.7925773974955079,-0.02770143529173983,0.03879026820455833,-0.003367991799830463,0.03604542471159959,-0.0005858761559601813,-1.952269536299988e-05,0.001963025952807286,-0.015209436416625977,-6.323907852172852,-0.8550519943237305,21.79837417602539,0.4454488456249237,2.0295040607452393,-0.15674534440040588
1692286070351676491,100,1692286070350708490,,panda_joint1,panda_joint2,panda_joint3,panda_joint4,panda_joint5,panda_joint6,panda_joint7,-0.22342315847213048,-0.6554397409765973,0.04378545962581289,-2.1750581049689104,-0.06049562390168535,1.5019670665504976,0.7925745491882163,-0.026383833339324828,0.03791638513760756,-0.007227149733741208,0.03619739414211837,0.0003089242230903858,-0.00033308646035728237,0.0007707679217089446,-0.015209436416625977,-6.395318984985352,-0.8550519943237305,21.79837417602539,0.4582662284374237,2.0578854084014893,-0.13111057877540588
1692286070385299341,101,1692286070384639011,,panda_joint1,panda_joint2,panda_joint3,panda_joint4,panda_joint5,panda_joint6,panda_joint7,-0.22431836655918838,-0.6542027387941702,0.04357990530171554,-2.1737657284659395,-0.06047672629953992,1.5021712610287719,0.7925708870719571,-0.023409981685098412,0.028920393355900565,-0.004402471887024622,0.03553941344397134,-6.111532078917871e-05,0.0047368671089041145,-0.0007442940737251488,-0.05091500282287598,-6.470697402954102,-0.8193464279174805,21.99277114868164,0.4701680839061737,2.1073238849639893,-0.09815158694982529
1692286070419325739,102,1692286070418665779,,panda_joint1,panda_joint2,panda_joint3,panda_joint4,panda_joint5,panda_joint6,panda_joint7,-0.22526102357828826,-0.6529836227244172,0.043387083386859156,-2.1723926314257076,-0.060440233082207126,1.5024101192345645,0.7925723068165005,-0.02760054395833869,0.03741223307556969,-0.0044605543050505155,0.04059930026473512,0.0002010855138537978,0.003318126654543286,-0.00016720542137733032,-0.05091500282287598,-6.506402969360352,-0.8947248458862305,21.76266860961914,0.4820699393749237,2.0441524982452393,-0.11096896976232529
1692286070453381472,103,1692286070452640856,,panda_joint1,panda_joint2,panda_joint3,panda_joint4,panda_joint5,panda_joint6,panda_joint7,-0.22618318860174833,-0.6518053194826071,0.04317445264441552,-2.1709705854132504,-0.06032938862600751,1.5026487003593434,0.7925669514446406,-0.02631998707161577,0.037066401899852365,-0.010249944256867382,0.039043507618321135,0.0033038959276096907,0.0028386736731131146,-0.0014212476752735546,-0.015209436416625977,-6.506402969360352,-0.8550519943237305,21.79837417602539,0.5177755355834961,2.0789425373077393,-0.09174289554357529
1692286070487479382,104,1692286070486677690,,panda_joint1,panda_joint2,panda_joint3,panda_joint4,panda_joint5,panda_joint6,panda_joint7,-0.2270966414580975,-0.6506686393595603,0.04292907158897152,-2.1695268238438423,-0.060285143497766425,1.5029070249573424,0.79256875084747,-0.026324221509634912,0.03064708531873278,-0.007312052058743569,0.0463167330363047,0.001901276165086752,0.010528014359508247,-0.001403158184299711,-0.12629342079162598,-6.581781387329102,-0.8193464279174805,21.72299575805664,0.5003805160522461,2.0578854084014893,-0.07892551273107529
1692286070521679401,105,1692286070520725220,,panda_joint1,panda_joint2,panda_joint3,panda_joint4,panda_joint5,panda_joint6,panda_joint7,-0.2279932713711379,-0.6495602812140964,0.042676602660534295,-2.1680474598489066,-0.06019527660334554,1.5031450614535609,0.7925741523142419,-0.023413597929105922,0.03487221662389815,-0.004192858988011291,0.0473585896850463,0.0032495322441301465,0.0017794190699719481,0.0009705583396219232,-0.015209436416625977,-6.617486953735352,-0.8193464279174805,21.76266860961914,0.5479879379272461,2.0578854084014893,-0.13111057877540588
1692286070555595069,106,1692286070554641670,,panda_joint1,panda_joint2,panda_joint3,panda_joint4,panda_joint5,panda_joint6,panda_joint7,-0.22885678459348566,-0.648475594797108,0.042410253485232315,-2.166580723096103,-0.06008856218197727,1.5033984402683536,0.7925759733236845,-0.025618275290159923,0.03241683896214438,-0.005534502638247877,0.04605345893180503,0.0014410431691456531,0.0021608787028688406,0.001315076510738757,-0.12629342079162598,-6.542108535766602,-0.8947248458862305,21.68332290649414,0.5479879379272461,2.0652096271514893,-0.14392796158790588
1692286070589647800,107,1692286070588636368,,panda_joint1,panda_joint2,panda_joint3,panda_joint4,panda_joint5,panda_joint6,panda_joint7,-0.22975902856621247,-0.6474010767448847,0.04217809238839035,-2.165223514009227,-0.059993412481382465,1.503665352498417,0.7925738237015646,-0.027036068404282278,0.03307193264562471,-0.006726430106315904,0.04082126171160163,0.008202356111160077,0.00478640463114898,0.00044016562492832,0.024463415145874023,-6.506402969360352,-0.7439680099487305,21.79837417602539,0.5727071762084961,2.0789425373077393,-0.12470187991857529
1692286070623809988,108,1692286070622727671,,panda_joint1,panda_joint2,panda_joint3,panda_joint4,panda_joint5,panda_joint6,panda_joint7,-0.2305950130299171,-0.6462900313096797,0.0419381443507875,-2.163948244743287,-0.05986660692987888,1.5039244453395586,0.7925738371105655,-0.027378447966444865,0.030253957547379893,-0.008173313653629506,0.03591103191848753,0.002484548100321514,0.015219367055677101,0.0007044667647686327,-0.015209436416625977,-6.542108535766602,-0.8193464279174805,21.64365005493164,0.5846090316772461,2.0725338459014893,-0.12470187991857529
1692286070657404201,109,1692286070656674130,,panda_joint1,panda_joint2,panda_joint3,panda_joint4,panda_joint5,panda_joint6,panda_joint7,-0.2314198119837029,-0.6451423926253564,0.04173276073472726,-2.1627158644899156,-0.05975484128738979,1.5041856625132288,0.7925770398496943,-0.022170252749835306,0.03357527086614089,-0.003384756375531192,0.04263906112541857,0.005118127209225173,0.010125872186849,0.001426728996018433,0.024463415145874023,-6.653192520141602,-0.8193464279174805,21.72299575805664,0.5965108871459961,2.0505611896514893,-0.15674534440040588
1692286070691361295,110,1692286070690631893,,panda_joint1,panda_joint2,panda_joint3,panda_joint4,panda_joint5,panda_joint6,panda_joint7,-0.2322011831216825,-0.6439589778577647,0.04152940900865133,-2.1615053016352337,-0.0596141995815363,1.5044274066649432,0.7925687508475447,-0.021926819584721594,0.034371930219215856,-0.00689223947444345,0.0348424774216821,0.007095608322789505,0.00840675749645182,-0.0009155180007405396,-0.05091500282287598,-6.764276504516602,-0.8550519943237305,21.79837417602539,0.6148214340209961,2.0789425373077393,-0.07892551273107529
1692286070725321055,111,1692286070724663390,,panda_joint1,panda_joint2,panda_joint3,panda_joint4,panda_joint5,panda_joint6,panda_joint7,-0.23298854130021368,-0.6427679827361698,0.04132859729378562,-2.160242776342319,-0.059503452523211084,1.5046954535893515,0.7925707678142158,-0.027067603124975022,0.03261302857487596,-0.007100912328248163,0.03474853130971639,0.0013863978011928822,0.010172964786632096,-0.000356215844339358,-0.015209436416625977,-6.835687637329102,-0.9661359786987305,21.87771987915039,0.6203145980834961,2.0789425373077393,-0.09815158694982529
1692286070759418928,112,1692286070758638998,,panda_joint1,panda_joint2,panda_joint3,panda_joint4,panda_joint5,panda_joint6,panda_joint7,-0.23382696642874642,-0.6416039916615365,0.04111433661739777,-2.158923391159589,-0.059339956473327175,1.504971860510683,0.7925713305373985,-0.022887898693778212,0.0318571230682984,-0.00271358877046905,0.04002787765628156,0.002615646857555002,0.010631406216908333,0.00111870524752778,-0.05091500282287598,-6.875360488891602,-0.9661359786987305,21.83804702758789,0.6267232894897461,2.0505611896514893,-0.13111057877540588
1692286070794268330,113,1692286070792653038,,panda_joint1,panda_joint2,panda_joint3,panda_joint4,panda_joint5,panda_joint6,panda_joint7,-0.23465100752409213,-0.6404669193639161,0.040855039486714706,-2.157598155915323,-0.05922232301129593,1.5052802442240618,0.7925690925626637,-0.0253636098363343,0.035116312752364646,-0.007028159311442007,0.040732692865057804,0.005128069314470423,0.017418926382370574,0.0006587514441345208,0.024463415145874023,-6.911066055297852,-0.8193464279174805,21.83804702758789,0.6386251449584961,2.0368282794952393,-0.11096896976232529
1692286070827313100,114,1692286070826690142,,panda_joint1,panda_joint2,panda_joint3,panda_joint4,panda_joint5,panda_joint6,panda_joint7,-0.2354483998326588,-0.6393742486799489,0.040577740544687636,-2.1562678464903073,-0.059041859398765655,1.5055572660338714,0.7925691084747406,-0.01928061715807637,0.03353487012130834,-0.01202169700209989,0.03934679334736106,0.0023701468489499716,0.0021957979364155794,-0.0015689879461223022,-0.08662056922912598,-6.946771621704102,-0.8550519943237305,21.83804702758789,0.6505270004272461,2.0789425373077393,-0.07892551273107529
1692286070861430625,115,1692286070860652433,,panda_joint1,panda_joint2,panda_joint3,panda_joint4,panda_joint5,panda_joint6,panda_joint7,-0.23626181873337604,-0.6382933070693648,0.040295563982653035,-2.1549114121000326,-0.05890355260123018,1.505857805750199,0.7925694231879379,-0.02948236310612852,0.030062626123860497,-0.013319691421866226,0.04707141002935921,0.0008522456039313758,0.012662749147396393,-0.00019592385393154524,0.024463415145874023,-6.835687637329102,-0.8550519943237305,21.72299575805664,0.6569356918334961,2.0578854084014893,-0.08533420413732529
1692286070895220108,116,1692286070894641218,,panda_joint1,panda_joint2,panda_joint3,panda_joint4,panda_joint5,panda_joint6,panda_joint7,-0.23700245839714884,-0.6372068543217076,0.04000353551310932,-2.153549984025324,-0.05874188027412711,1.5061596680747502,0.7925713290596194,-0.020203773628831516,0.03414105703511234,-0.007645264523073388,0.03546900317526479,0.0008357741263307185,0.008472771184610888,0.0008548733254624881,0.024463415145874023,-7.093561172485352,-0.7836408615112305,21.72299575805664,0.6688375473022461,2.0441524982452393,-0.13111057877540588
1692286070929246469,117,1692286070928665237,,panda_joint1,panda_joint2,panda_joint3,panda_joint4,panda_joint5,panda_joint6,panda_joint7,-0.23775417134024365,-0.636183761197629,0.03976213128305976,-2.1522457940240005,-0.0585597299615637,1.5064694544194768,0.7925773621742367,-0.027119253530415027,0.03268249935186948,-0.007060921502549305,0.03644349265733076,0.0004584270566097657,0.010208991048146472,0.0017069155221370077,-0.05091500282287598,-6.946771621704102,-0.8193464279174805,21.76266860961914,0.6688375473022461,2.0789425373077393,-0.15674534440040588
1692286070963378499,118,1692286070962672420,,panda_joint1,panda_joint2,panda_joint3,panda_joint4,panda_joint5,panda_joint6,panda_joint7,-0.23850729568981857,-0.6351823411566062,0.03952244968026124,-2.1509835392671897,-0.0584127424071832,1.5067931769810345,0.7925687503549445,-0.02044849960376159,0.02691020600120161,-0.006615614874678999,0.04042064462160511,0.007095107012419556,0.011123315599462745,-0.0016634159505910483,-0.08662056922912598,-6.911066055297852,-0.8947248458862305,21.64365005493164,0.6688375473022461,2.0230953693389893,-0.07892551273107529
1692286070997512316,119,1692286070996669711,,panda_joint1,panda_joint2,panda_joint3,panda_joint4,panda_joint5,panda_joint6,panda_joint7,-0.23927132123655404,-0.6341695967002849,0.03929085883718923,-2.1498025506731504,-0.05821648360393355,1.5070900773564138,0.7925734826615864,-0.023174027268849293,0.032069752757254856,-0.003645161848366857,0.030203051815614494,0.005463194281971644,0.009874182594315566,0.0003602724381068837,-0.05091500282287598,-6.835687637329102,-0.9304304122924805,21.72299575805664,0.6871480941772461,2.0578854084014893,-0.11829318851232529
1692286071031426228,120,1692286071030709087,,panda_joint1,panda_joint2,panda_joint3,panda_joint4,panda_joint5,panda_joint6,panda_joint7,-0.24003400376071612,-0.6331239794671938,0.03905539146538098,-2.14864319715108,-0.05804561225371858,1.5074008081666552,0.7925708870780135,-0.020856339145678256,0.03074990258629658,-0.003685773268148169,0.03732912531435593,0.005089867440547073,0.010299974718325357,-0.0005400880653999328,-0.05091500282287598,-6.982477188110352,-0.8193464279174805,21.60794448852539,0.6990499496459961,2.0578854084014893,-0.09815158694982529
1692286071066505113,121,1692286071064888706,,panda_joint1,panda_joint2,panda_joint3,panda_joint4,panda_joint5,panda_joint6,panda_joint7,-0.24075248004403077,-0.6320683166563783,0.038811759081751836,-2.1475169272004018,-0.05786531420922881,1.507702178020441,0.7925715991541634,-0.018814775643958094,0.032931999749147275,-0.006598200695303098,0.03340924702726348,0.008651460951604243,0.01750367499394462,-0.00017802848701236134,-0.015209436416625977,-7.093561172485352,-0.8947248458862305,21.79837417602539,0.7228536605834961,2.0725338459014893,-0.10456027835607529
1692286071099652958,122,1692286071098612964,,panda_joint1,panda_joint2,panda_joint3,panda_joint4,panda_joint5,panda_joint6,panda_joint7,-0.241460524260802,-0.6309154860655364,0.03853536281848394,-2.146253220855454,-0.05767260707274437,1.508007713295049,0.7925640063175106,-0.02356690767148998,0.03597990604187523,-0.007056782095034961,0.036696436833562,0.006799695159045671,0.010793847544695293,-0.009678856216189437,-0.05091500282287598,-7.168939590454102,-0.8550519943237305,21.68332290649414,0.7173604965209961,2.0505611896514893,-0.06519260257482529
1692286071133609384,123,1692286071132635850,,panda_joint1,panda_joint2,panda_joint3,panda_joint4,panda_joint5,panda_joint6,panda_joint7,-0.24215943087042202,-0.6297985211709748,0.03829128383450138,-2.1450300464552847,-0.05747906443042879,1.5083367577306512,0.7925722714952295,-0.02082822520864052,0.04030577067567782,-0.009375515596996079,0.034555498873458955,0.0020213626452188637,0.010349587023160203,-0.0003569935315833192,-0.05091500282287598,-7.240350723266602,-0.8550519943237305,21.79837417602539,0.7347555160522461,2.0505611896514893,-0.11096896976232529
1692286071167809897,124,1692286071166743645,,panda_joint1,panda_joint2,panda_joint3,panda_joint4,panda_joint5,panda_joint6,panda_joint7,-0.24287523913687964,-0.62872449021809,0.0380353208277778,-2.1437957227125417,-0.05728071459118528,1.5086444762166846,0.7925745491875436,-0.01942692919288209,0.03264646189143598,-0.013769051630944268,0.03716425154895337,0.010712631404939438,0.010766943509482879,0.0009694359633983159,0.024463415145874023,-7.240350723266602,-0.7836408615112305,21.79837417602539,0.7475728988647461,2.0862667560577393,-0.13111057877540588
1692286071201406975,125,1692286071200609342,,panda_joint1,panda_joint2,panda_joint3,panda_joint4,panda_joint5,panda_joint6,panda_joint7,-0.2435527083531775,-0.6276737915904131,0.037774387647164134,-2.142522904422025,-0.05707491725114248,1.508962821299014,0.7925701749991718,-0.02475620404754727,0.027194557754191818,-0.010175802848148492,0.038042216009248994,0.005885233695405745,0.00805334084263702,-0.0010956286194264613,0.024463415145874023,-7.315729141235352,-0.8193464279174805,21.79837417602539,0.7228536605834961,2.0725338459014893,-0.09174289554357529
1692286071235413731,126,1692286071234622133,,panda_joint1,panda_joint2,panda_joint3,panda_joint4,panda_joint5,panda_joint6,panda_joint7,-0.24422100561693846,-0.6266402994301624,0.03753849724316933,-2.141242445850342,-0.05684797884593381,1.5092931848140314,0.7925701750011903,-0.023222815039912505,0.033542878635282734,-0.01026959920332158,0.03521224044098291,0.003806421788304387,0.014871048311337374,-0.001637434000169395,-0.015209436416625977,-7.276056289672852,-0.7836408615112305,21.72299575805664,0.7347555160522461,2.0725338459014893,-0.09174289554357529
1692286071269584748,127,1692286071268634126,,panda_joint1,panda_joint2,panda_joint3,panda_joint4,panda_joint5,panda_joint6,panda_joint7,-0.2448610018558492,-0.6256358933797245,0.03731898479426382,-2.1400013376979388,-0.056640140052144704,1.5096222959867434,0.7925701750009663,-0.018220263611653274,0.02808908243672066,-0.0027027034440297677,0.03589461828202625,0.0076049671073071465,0.00863731973964476,-0.0009008626809698151,-0.015209436416625977,-7.276056289672852,-0.8193464279174805,21.68332290649414,0.7594747543334961,2.0441524982452393,-0.09174289554357529
1692286071303324948,128,1692286071302670238,,panda_joint1,panda_joint2,panda_joint3,panda_joint4,panda_joint5,panda_joint6,panda_joint7,-0.24548460091915952,-0.6246450373012954,0.037103151883617104,-2.1388294698208967,-0.05640832832619184,1.509956008903362,0.792573823865088,-0.015756018272861043,0.02757357131090077,-0.00046401471025895756,0.02694513043706034,0.008063089432208057,0.012889704476724873,0.00037527020035620795,-0.05091500282287598,-7.240350723266602,-0.8550519943237305,21.76266860961914,0.7475728988647461,2.0505611896514893,-0.12470187991857529
1692286071337423844,129,1692286071336773641,,panda_joint1,panda_joint2,panda_joint3,panda_joint4,panda_joint5,panda_joint6,panda_joint7,-0.24611970091779256,-0.6236614728597258,0.03688217950803056,-2.137717084268271,-0.05617369130250585,1.510269847773822,0.7925694629242929,-0.024407332319676636,0.03155468490326111,-0.005911944171997268,0.027050661534829955,0.0021116468957527194,0.005994641049258985,-0.0007491591676167828,-0.015209436416625977,-7.351434707641602,-0.8193464279174805,21.76266860961914,0.7594747543334961,2.0652096271514893,-0.08533420413732529
1692286071371443505,130,1692286071370611409,,panda_joint1,panda_joint2,panda_joint3,panda_joint4,panda_joint5,panda_joint6,panda_joint7,-0.24676816539134985,-0.6226910604943292,0.03666992463327319,-2.13664302223194,-0.055932190747713016,1.510571990556467,0.7925734780109773,-0.015467916527066472,0.024923159545678954,-0.009183707686407529,0.029237325909172853,0.007643923246844469,0.004769778680599055,0.0009390946353284187,-0.05091500282287598,-7.351434707641602,-0.9304304122924805,21.76266860961914,0.7347555160522461,2.0725338459014893,-0.12470187991857529
1692286071405456756,131,1692286071404633177,,panda_joint1,panda_joint2,panda_joint3,panda_joint4,panda_joint5,panda_joint6,panda_joint7,-0.24740083005186456,-0.6217201113129723,0.03641924158821387,-2.135567775609887,-0.05568591437507052,1.510878389769586,0.7925731249792346,-0.02424747356366861,0.030869998776887952,-0.007765045551645042,0.030983709261559893,0.01079425130380087,0.004716046824050975,-9.838795130325098e-05,-0.08662056922912598,-7.387140274047852,-0.8193464279174805,21.79837417602539,0.7173604965209961,2.1146481037139893,-0.11829318851232529
1692286071439425735,132,1692286071438636751,,panda_joint1,panda_joint2,panda_joint3,panda_joint4,panda_joint5,panda_joint6,panda_joint7,-0.24803478614820118,-0.6207433271987591,0.0361321563529182,-2.1344471339574977,-0.05546593636014045,1.5112019226017417,0.792569458503144,-0.015509359458609031,0.029914683710111547,-0.012103455597706706,0.03325426077930322,0.01434088751320226,0.005313646330161447,-0.0006263929090988864,-0.05091500282287598,-7.462518692016602,-0.8550519943237305,21.79837417602539,0.7649679183959961,2.0789425373077393,-0.08533420413732529
1692286071473543533,133,1692286071472606106,,panda_joint1,panda_joint2,panda_joint3,panda_joint4,panda_joint5,panda_joint6,panda_joint7,-0.24865335123136137,-0.6197718617557303,0.03584767650148029,-2.1332875745809488,-0.05523398874381619,1.5115132060086303,0.7925738369450224,-0.021351237462615035,0.029021074630557767,-0.00675029980418983,0.036245029795325734,0.010775553642525635,0.010602039391617446,0.0018514813823781047,-0.05091500282287598,-7.462518692016602,-0.8193464279174805,21.60794448852539,0.7594747543334961,2.1073238849639893,-0.12470187991857529
1692286071507144108,134,1692286071506591674,,panda_joint1,panda_joint2,panda_joint3,panda_joint4,panda_joint5,panda_joint6,panda_joint7,-0.24928125247522592,-0.6187876191963144,0.03557578654346352,-2.132160049413434,-0.05499373838154823,1.511843885086904,0.7925756157139907,-0.012501213362486057,0.024399088995702974,-0.010843142927342819,0.037451629513132974,0.008560381501985077,0.006066603512800336,0.001120303817363892,-0.015209436416625977,-7.426813125610352,-0.8193464279174805,21.76266860961914,0.7411642074584961,2.1073238849639893,-0.14392796158790588
1692286071541274975,135,1692286071540724437,,panda_joint1,panda_joint2,panda_joint3,panda_joint4,panda_joint5,panda_joint6,panda_joint7,-0.2498699545429616,-0.6177801482845443,0.03529862445381683,-2.130994535893812,-0.05477139328382868,1.5121529476532694,0.7925722587403261,-0.023289913617832635,0.03364497035753558,-0.008873096435835228,0.03579871472663959,0.004216557985082451,0.01159026055466133,-0.0015603640120441342,-0.015209436416625977,-7.533929824829102,-0.8193464279174805,21.76266860961914,0.7713766098022461,2.0862667560577393,-0.11096896976232529
1692286071575476935,136,1692286071574656154,,panda_joint1,panda_joint2,panda_joint3,panda_joint4,panda_joint5,panda_joint6,panda_joint7,-0.25044907127157284,-0.6167821408321776,0.03504658030878608,-2.1298080226400216,-0.05452022016975411,1.5124909033770297,0.7925715991548354,-0.013812469620747773,0.029875903219631204,-0.009782450564313917,0.035415053483459365,0.008913334354204574,0.007409558298628756,-0.0009049428537821242,-0.12629342079162598,-7.533929824829102,-0.7836408615112305,21.64365005493164,0.7530660629272461,2.0652096271514893,-0.10456027835607529
1692286071609466044,137,1692286071608669353,,panda_joint1,panda_joint2,panda_joint3,panda_joint4,panda_joint5,panda_joint6,panda_joint7,-0.25107019973990474,-0.615765699255599,0.034803366892604104,-2.1286295962116037,-0.05428124772175938,1.5128314993013412,0.7925765647309466,-0.014497518689022269,0.031173888926856293,-0.007383871931655059,0.03596124117838635,0.013675607852309027,0.009824375758271857,0.001981342958420726,-0.015209436416625977,-7.720392227172852,-0.8193464279174805,21.76266860961914,0.7594747543334961,2.0578854084014893,-0.15033665299415588
1692286071643427103,138,1692286071642709573,,panda_joint1,panda_joint2,panda_joint3,panda_joint4,panda_joint5,panda_joint6,panda_joint7,-0.2516648787580244,-0.6147690086945254,0.034541335586172194,-2.127462288154686,-0.05404154884602442,1.513138567434074,0.7925680372990013,-0.020422528538391337,0.028670636097062357,-0.013708727298370567,0.033817365652975793,0.005222965448839518,0.015032311830756394,-0.0011166198177612174,-0.015209436416625977,-7.756097793579102,-0.7439680099487305,21.72299575805664,0.7594747543334961,2.1073238849639893,-0.07251682132482529
1692286071677637529,139,1692286071676646302,,panda_joint1,panda_joint2,panda_joint3,panda_joint4,panda_joint5,panda_joint6,panda_joint7,-0.25225791595193825,-0.6138297547559262,0.034284955305907604,-2.1263538930370807,-0.053798786637531536,1.513486439935857,0.7925731250337418,-0.018554760599557855,0.026531957837140234,-0.003831514226006099,0.03160828624048518,0.0062699550357873425,0.007564578717787207,0.0009016224388043963,-0.05091500282287598,-7.645013809204102,-0.8550519943237305,21.68332290649414,0.7411642074584961,2.0789425373077393,-0.11829318851232529
1692286071711503476,140,1692286071710687542,,panda_joint1,panda_joint2,panda_joint3,panda_joint4,panda_joint5,panda_joint6,panda_joint7,-0.25284081915698237,-0.6129106853171638,0.0340154769301314,-2.1252956403917866,-0.05354440608634559,1.5137889622531064,0.792568077852979,-0.01917650719885273,0.0246488756794636,-0.004730281333219687,0.033285791811794925,0.0014607373249897935,0.0067840470098642835,0.0010547431063287326,-0.015209436416625977,-7.680719375610352,-0.8550519943237305,21.68332290649414,0.7713766098022461,2.1073238849639893,-0.07251682132482529
1692286071745550780,141,1692286071744659780,,panda_joint1,panda_joint2,panda_joint3,panda_joint4,panda_joint5,panda_joint6,panda_joint7,-0.2534133562219387,-0.6119953762715957,0.03374368891804569,-2.1242780037727513,-0.053286918071533254,1.514109226837386,0.7925680387706969,-0.017628948327622997,0.029713772513225187,-0.008961092244315036,0.02747621480489237,0.0041076043201864094,0.009790409893485117,-0.0023141547626364814,0.024463415145874023,-7.645013809204102,-0.8193464279174805,21.68332290649414,0.7411642074584961,2.1210567951202393,-0.07251682132482529
1692286071779490298,142,1692286071778885688,,panda_joint1,panda_joint2,panda_joint3,panda_joint4,panda_joint5,panda_joint6,panda_joint7,-0.25396099838423464,-0.6110830605668276,0.03348406356204451,-2.1232746021867444,-0.053022959251276654,1.5144338117030438,0.7925708870780135,-0.014595373793905207,0.028080568346778443,-0.007671860442268531,0.029356167064856362,0.0032107669934489055,0.005858369512342332,-0.0003358238202091849,-0.015209436416625977,-7.756097793579102,-0.7836408615112305,21.68332290649414,0.7777853012084961,2.0999996662139893,-0.09815158694982529
1692286071813660704,143,1692286071812668188,,panda_joint1,panda_joint2,panda_joint3,panda_joint4,panda_joint5,panda_joint6,panda_joint7,-0.2544827482054207,-0.6101828507850107,0.033243762206970076,-2.1222995278588708,-0.05274608294751912,1.5147539753284525,0.7925680255251705,-0.015022995401958825,0.02765766895788902,-0.005404922943295665,0.0305391850193954,0.009064205636342495,0.007567193429099978,-0.0017994507061835237,-0.12629342079162598,-7.827508926391602,-0.7439680099487305,21.72299575805664,0.7594747543334961,2.1073238849639893,-0.07251682132482529
1692286071847678594,144,1692286071846611400,,panda_joint1,panda_joint2,panda_joint3,panda_joint4,panda_joint5,panda_joint6,panda_joint7,-0.25503191159152766,-0.6092908276932549,0.033042252930621345,-2.121300403292147,-0.05246114818953766,1.5150741199119118,0.7925700553013278,-0.02006545726227623,0.028621646761225923,-0.005983513292474954,0.025081989638105515,0.0021891130255837178,0.015854439973072433,0.0008674207754755471,-0.05091500282287598,-7.867181777954102,-0.7439680099487305,21.87771987915039,0.7713766098022461,2.1210567951202393,-0.09174289554357529
1692286071881633713,145,1692286071880605951,,panda_joint1,panda_joint2,panda_joint3,panda_joint4,panda_joint5,panda_joint6,panda_joint7,-0.255564872509436,-0.6084148968234382,0.032830023018657124,-2.1202384709247073,-0.052187746617721,1.515401974076611,0.7925715991548364,-0.015779632852826186,0.021543009282287914,-0.01124118883377526,0.027655097422747455,0.006301590732512778,0.005433741146984025,-0.0005252404904956174,-0.12629342079162598,-7.791803359985352,-0.7082624435424805,21.79837417602539,0.7713766098022461,2.0999996662139893,-0.10456027835607529
1692286071915638557,146,1692286071914578667,,panda_joint1,panda_joint2,panda_joint3,panda_joint4,panda_joint5,panda_joint6,panda_joint7,-0.2561032574814985,-0.6075386487550328,0.0326049171800247,-2.1191601326053116,-0.05191968126211386,1.515744900036408,0.7925687508475449,-0.019503163982855974,0.023838620036017687,-0.00911511729026166,0.028957389037143146,0.010488169751448718,0.004729097912446348,-0.0015208837349514007,-0.08662056922912598,-7.720392227172852,-0.7439680099487305,21.72299575805664,0.7713766098022461,2.1073238849639893,-0.07892551273107529
1692286071949530106,147,1692286071948895419,,panda_joint1,panda_joint2,panda_joint3,panda_joint4,panda_joint5,panda_joint6,panda_joint7,-0.25660828170710165,-0.6066505788112659,0.032386830753253305,-2.118075768064926,-0.051651100767470155,1.5160834637465577,0.7925745094517617,-0.015448549747078297,0.025247798958944464,-0.005410007729769228,0.03162413948425414,0.014428368473319282,0.015895200717020247,-0.0023131979076775546,-0.08662056922912598,-7.791803359985352,-0.7836408615112305,21.64365005493164,0.7832784652709961,2.1357052326202393,-0.13111057877540588
1692286071983436084,148,1692286071982626072,,panda_joint1,panda_joint2,panda_joint3,panda_joint4,panda_joint5,panda_joint6,panda_joint7,-0.25710722871256353,-0.6057357352316667,0.032144357507879466,-2.117016284050817,-0.05137641231291775,1.5164262705232814,0.7925745491882163,-0.011282409179167601,0.02726840554735161,-0.009509112622762975,0.03008053922057599,0.0029174979415533785,0.007209244426614693,0.0003730007715553412,-0.12629342079162598,-7.902887344360352,-0.7836408615112305,21.68332290649414,0.7713766098022461,2.1146481037139893,-0.13111057877540588
1692286072017591512,149,1692286072016666175,,panda_joint1,panda_joint2,panda_joint3,panda_joint4,panda_joint5,panda_joint6,panda_joint7,-0.25761203205736966,-0.6048071942697344,0.031888831697853934,-2.1159249559272224,-0.05111611897500419,1.5167604076445356,0.7925731206185922,-0.013242949725275479,0.032145859315611,-0.006760238709189008,0.029596439648354338,0.0048414909864726375,0.009871795126151571,0.0006871946816429414,-0.08662056922912598,-7.974298477172852,-0.8193464279174805,21.76266860961914,0.8015890121459961,2.0935909748077393,-0.11829318851232529
1692286072054482201,150,1692286072052893528,,panda_joint1,panda_joint2,panda_joint3,panda_joint4,panda_joint5,panda_joint6,panda_joint7,-0.25805316428932273,-0.6039842329231764,0.031651524998147974,-2.1149278980435375,-0.0508721122958685,1.5170700937832806,0.7925687508475421,-0.013153267019026306,0.025191626843441953,-0.013507678058445669,0.03283385223772844,0.001715465488581205,0.006678277960396443,-0.0016193344443738507,-0.05091500282287598,-7.902887344360352,-0.8193464279174805,21.76266860961914,0.7951803207397461,2.0999996662139893,-0.07892551273107529
1692286072087483440,151,1692286072086708360,,panda_joint1,panda_joint2,panda_joint3,panda_joint4,panda_joint5,panda_joint6,panda_joint7,-0.25859366706905546,-0.6029625305805912,0.03135570424982622,-2.113725923658505,-0.05055130749798324,1.517453460653688,0.7925759733420865,-0.011624128842315064,0.025688902043151423,-0.005975619540484746,0.032321272571775084,0.008017435052131908,0.007420977948434554,0.010668914597709701,-0.05091500282287598,-7.902887344360352,-0.7836408615112305,21.64365005493164,0.7649679183959961,2.0999996662139893,-0.14392796158790588
1692286072121210205,152,1692286072120631846,,panda_joint1,panda_joint2,panda_joint3,panda_joint4,panda_joint5,panda_joint6,panda_joint7,-0.25906862433551653,-0.60207618671312,0.031108638080776685,-2.112768747172235,-0.0502864942202538,1.5177669592343106,0.7925731250337428,-0.012117160052338715,0.027267687085893014,-0.010083243813727362,0.028205075520241367,0.0033771714849551854,0.00666117372640452,0.00027536289555986094,-0.05091500282287598,-8.049676895141602,-0.7836408615112305,21.76266860961914,0.7832784652709961,2.1283810138702393,-0.11829318851232529
1692286072156234021,153,1692286072154578881,,panda_joint1,panda_joint2,panda_joint3,panda_joint4,panda_joint5,panda_joint6,panda_joint7,-0.2595674177576038,-0.6012038285464576,0.030868131102615465,-2.111849049348287,-0.050007633945839645,1.5180849465466741,0.7925715991548337,-0.018738737735947395,0.027507025766979422,0.00019270288299637187,0.02705968536134079,0.0075214011446724325,0.012987673622953727,-0.0019741272755547396,-0.015209436416625977,-8.085382461547852,-0.8193464279174805,21.68332290649414,0.7896871566772461,2.1146481037139893,-0.10456027835607529
1692286072190329902,154,1692286072188632139,,panda_joint1,panda_joint2,panda_joint3,panda_joint4,panda_joint5,panda_joint6,panda_joint7,-0.26006009699651583,-0.6003263992839902,0.03062013696932492,-2.1109622549242686,-0.049729600185730465,1.5184273616382777,0.7925715991548115,-0.013548527395187063,0.027080573609865755,-0.012689287341869554,0.030117411308001607,0.015550319046047792,0.007662137316596551,-0.004970794392557558,-0.05091500282287598,-8.121088027954102,-0.7439680099487305,21.79837417602539,0.7896871566772461,2.1357052326202393,-0.10456027835607529
1692286072223420625,155,1692286072222681513,,panda_joint1,panda_joint2,panda_joint3,panda_joint4,panda_joint5,panda_joint6,panda_joint7,-0.26053947181559794,-0.59945205614363,0.030389825971866073,-2.1100575318359,-0.04943380451920152,1.5187793518147694,0.7925745491337083,-0.01949882780350804,0.029766296890299766,-0.0033330860035702273,0.025777217703347698,0.01117565212371162,0.005071627985842524,0.0010578815189406824,-0.05091500282287598,-8.196466445922852,-0.7836408615112305,21.76266860961914,0.7896871566772461,2.1494381427764893,-0.13111057877540588
1692286072258147447,156,1692286072256662570,,panda_joint1,panda_joint2,panda_joint3,panda_joint4,panda_joint5,panda_joint6,panda_joint7,-0.26100155655589724,-0.5986030917558905,0.03015095513987665,-2.1091662482406557,-0.04914470784430073,1.5191139833515324,0.7925738371105656,-0.011300140021803635,0.02260460453270464,-0.009670301140037814,0.02740535476554628,0.0054226663924610355,0.006245020108537764,0.0008223725787282632,-0.08662056922912598,-8.160760879516602,-0.7439680099487305,21.79837417602539,0.7896871566772461,2.1283810138702393,-0.12470187991857529
1692286072291794705,157,1692286072290647767,,panda_joint1,panda_joint2,panda_joint3,panda_joint4,panda_joint5,panda_joint6,panda_joint7,-0.26145314443410944,-0.5977574336004908,0.029929708812039425,-2.1082235012104085,-0.04886116515697882,1.519458442516792,0.7925731233984976,-0.013763657638787487,0.02366131970791631,-0.007799387553884054,0.026332496800376026,0.010731000198280896,0.005454299312794405,-0.00039084869394334236,-0.16199898719787598,-8.271844863891602,-0.7439680099487305,21.79837417602539,0.7832784652709961,2.1430294513702393,-0.11829318851232529
1692286072325571809,158,1692286072324633503,,panda_joint1,panda_joint2,panda_joint3,panda_joint4,panda_joint5,panda_joint6,panda_joint7,-0.2619087421948417,-0.5969642528737017,0.029672046468600458,-2.107255773540141,-0.04858264216387366,1.519797097238755,0.7925730852964405,-0.00915890888364293,0.02191663572815372,-0.00845079541642309,0.026031387934746877,0.008352519572149487,0.017326843253544073,0.010338191634757847,-0.12629342079162598,-8.271844863891602,-0.7439680099487305,21.79837417602539,0.7832784652709961,2.1494381427764893,-0.11829318851232529
1692286072359532719,159,1692286072358617119,,panda_joint1,panda_joint2,panda_joint3,panda_joint4,panda_joint5,panda_joint6,panda_joint7,-0.2623637416042556,-0.596199230846108,0.029403189998771107,-2.1062775931530893,-0.048305770255181624,1.5201354620968837,0.7925752656799738,-0.01623969096706146,0.02038956137491787,-0.0033416224082633505,0.028041769288011612,0.010577020079416683,0.012618255566769123,0.000860175500759352,-0.015209436416625977,-8.121088027954102,-0.7082624435424805,21.76266860961914,0.8079977035522461,2.1146481037139893,-0.13751927018165588
1692286072393318506,160,1692286072392638764,,panda_joint1,panda_joint2,panda_joint3,panda_joint4,panda_joint5,panda_joint6,panda_joint7,-0.2627971814796847,-0.5954284360802343,0.029135310258254332,-2.1052916613407215,-0.048028978542188905,1.520480127247257,0.7925680387704975,-0.016073087287728677,0.0219788030162178,-0.009352181304317605,0.03200451047427943,0.011961440301843063,0.0062495964616359435,-0.0021730996208377523,-0.05091500282287598,-8.160760879516602,-0.6725568771362305,21.68332290649414,0.8015890121459961,2.1283810138702393,-0.07251682132482529
1692286072427322529,161,1692286072426597394,,panda_joint1,panda_joint2,panda_joint3,panda_joint4,panda_joint5,panda_joint6,panda_joint7,-0.26322188180728173,-0.5946398818166426,0.028890208681442743,-2.104337528778085,-0.0477438438760103,1.520818118810195,0.7925759600963856,-0.009562187042138449,0.023660562604812856,-0.003042718480177348,0.029978861242472177,0.00546447050884168,0.011600589617954113,0.0003817952117942885,-0.08662056922912598,-8.196466445922852,-0.6725568771362305,21.76266860961914,0.8079977035522461,2.1357052326202393,-0.14392796158790588
1692286072461747148,162,1692286072460628927,,panda_joint1,panda_joint2,panda_joint3,panda_joint4,panda_joint5,panda_joint6,panda_joint7,-0.263665391954525,-0.5938242315382253,0.028675076282517985,-2.1033649735206024,-0.047465623624897084,1.521148988599207,0.7925731244879884,-0.016038536112648754,0.025106891684825716,-0.007921015697030265,0.029598094861382047,0.012212861501916921,0.01680480206137202,-0.00016144694775549178,-0.015209436416625977,-8.271844863891602,-0.6725568771362305,21.72299575805664,0.8079977035522461,2.1357052326202393,-0.11829318851232529
1692286072495356103,163,1692286072494598513,,panda_joint1,panda_joint2,panda_joint3,panda_joint4,panda_joint5,panda_joint6,panda_joint7,-0.26410902597251695,-0.5929937891662113,0.028485895138223246,-2.1024214921705298,-0.04717659408944454,1.5214908610599693,0.7925723112316593,-0.010397844036391305,0.024919316010381207,-0.003674984926972415,0.026717355822366475,0.006909648448366499,0.011296550421126044,8.824012162623284e-05,-0.015209436416625977,-8.307550430297852,-0.7082624435424805,21.72299575805664,0.7951803207397461,2.1357052326202393,-0.11096896976232529
1692286072529557936,164,1692286072528602675,,panda_joint1,panda_joint2,panda_joint3,panda_joint4,panda_joint5,panda_joint6,panda_joint7,-0.2645201870930487,-0.5921635249578594,0.028280651041830425,-2.1014644306983263,-0.04688931255679146,1.5217983500320604,0.7925687905839747,-0.011959484893376334,0.025723540455798343,-0.005168489274672789,0.03265344724346637,0.0021654435054906528,0.01643806315130537,-0.0012590258024192875,-0.05091500282287598,-8.343255996704102,-0.7439680099487305,21.76266860961914,0.8079977035522461,2.1430294513702393,-0.07892551273107529
1692286072563179526,165,1692286072562634214,,panda_joint1,panda_joint2,panda_joint3,panda_joint4,panda_joint5,panda_joint6,panda_joint7,-0.2649585145800392,-0.5913452962339459,0.02806043366098964,-2.100523549009405,-0.04658829767071829,1.522134079225233,0.7925701733477772,-0.012102985365327144,0.024215145144421905,-0.0035925265837048023,0.031147415636084686,0.008088654941524567,0.0132015306129918,-0.0005957058215583373,-0.015209436416625977,-8.378961563110352,-0.7082624435424805,21.60794448852539,0.8198995590209961,2.1283810138702393,-0.09174289554357529
1692286072597233275,166,1692286072596618883,,panda_joint1,panda_joint2,panda_joint3,panda_joint4,panda_joint5,panda_joint6,panda_joint7,-0.2653918086605394,-0.5905422288732137,0.02780560806444713,-2.0996397078875133,-0.04628527795875244,1.5224735774959992,0.7925687509020529,-0.012883965574640683,0.024671004447359222,-0.012466169236179263,0.022785868770369498,0.007776130961112043,0.005520052302216099,-0.0016551242868533184,-0.05091500282287598,-8.343255996704102,-0.7082624435424805,21.72299575805664,0.8015890121459961,2.1357052326202393,-0.07892551273107529
1692286072631335058,167,1692286072630599636,,panda_joint1,panda_joint2,panda_joint3,panda_joint4,panda_joint5,panda_joint6,panda_joint7,-0.265822992654122,-0.5897340300113956,0.027544317149195512,-2.098761643424688,-0.045978780840204854,1.5228197619428774,0.7925679990342893,-0.013721458853850673,0.02402178850235819,-0.006268550669071128,0.02626128203332379,0.010158853804022719,0.01339256023224889,-0.0016370886999256718,-0.08662056922912598,-8.418634414672852,-0.7082624435424805,21.60794448852539,0.8134908676147461,2.1357052326202393,-0.07251682132482529
1692286072665267167,168,1692286072664641361,,panda_joint1,panda_joint2,panda_joint3,panda_joint4,panda_joint5,panda_joint6,panda_joint7,-0.26625160735621306,-0.5889308061205688,0.027276166985943505,-2.0979609178500556,-0.04568092176047291,1.5231630836145063,0.7925701750011905,-0.017000500208270406,0.02665705233736457,-0.014627317190350108,0.026341881210878174,0.01241746363412216,0.00793111552055131,-0.0006744069008820481,-0.05091500282287598,-8.454339981079102,-0.6328840255737305,21.68332290649414,0.8079977035522461,2.1567623615264893,-0.09174289554357529
1692286072699224956,169,1692286072698682605,,panda_joint1,panda_joint2,panda_joint3,panda_joint4,panda_joint5,panda_joint6,panda_joint7,-0.2666669722362555,-0.588135718100687,0.027028710946975502,-2.097151655022228,-0.045388353579676466,1.523502909452047,0.7925701750011906,-0.010444208146644183,0.024392740046870417,-0.003239654880285337,0.02577129681004508,0.008683902044290086,0.013315769398735527,-0.0011674985069173639,-0.015209436416625977,-8.525751113891602,-0.7082624435424805,21.76266860961914,0.8079977035522461,2.1430294513702393,-0.09174289554357529
1692286072733253051,170,1692286072732637243,,panda_joint1,panda_joint2,panda_joint3,panda_joint4,panda_joint5,panda_joint6,panda_joint7,-0.2670594014433084,-0.5873686420300314,0.026777348552559907,-2.0963590177811837,-0.04510370932063623,1.5238325675878222,0.7925680386131791,-0.011738475993021255,0.021101290076750844,-0.006145483934328412,0.019803417990276375,0.011080151962988559,0.014757122829526228,-0.001252265808878211,0.024463415145874023,-8.454339981079102,-0.6328840255737305,21.76266860961914,0.8198995590209961,2.1283810138702393,-0.07251682132482529
1692286072767223274,171,1692286072766597126,,panda_joint1,panda_joint2,panda_joint3,panda_joint4,panda_joint5,panda_joint6,panda_joint7,-0.26744080772814954,-0.5866073709690288,0.026537526510295072,-2.0955536977603586,-0.04481985800598686,1.5241489805944106,0.792573717901276,-0.010647514087284897,0.02647482291635029,-0.006435514939151484,0.02734265182877363,0.0062625017881244565,0.006959048065363508,-0.0033685916240996064,-0.05091500282287598,-8.565423965454102,-0.6725568771362305,21.76266860961914,0.8253927230834961,2.1430294513702393,-0.12470187991857529
1692286072801446309,172,1692286072800564245,,panda_joint1,panda_joint2,panda_joint3,panda_joint4,panda_joint5,panda_joint6,panda_joint7,-0.26780625003652037,-0.5858473081988769,0.02630953607166165,-2.094701810027845,-0.044532926033447884,1.5244752652209084,0.7925770462254681,-0.008721617705253714,0.02102642240505257,-0.005387599275972645,0.024560380028615186,0.002988365676406749,0.014377705358158965,0.0015564500898010395,-0.12629342079162598,-8.525751113891602,-0.6725568771362305,21.76266860961914,0.8253927230834961,2.1494381427764893,-0.14392796158790588
1692286072835636133,173,1692286072834607426,,panda_joint1,panda_joint2,panda_joint3,panda_joint4,panda_joint5,panda_joint6,panda_joint7,-0.268184612161147,-0.5851002712525796,0.026114083612692105,-2.09381188560744,-0.044244600049844124,1.5248262483520514,0.7925745448275661,-0.01589362578518252,0.02605906361840247,-0.0046370841345533395,0.027749783576289194,0.007630936733932881,0.012404189898081631,0.0006664222323377626,-0.05091500282287598,-8.636835098266602,-0.6725568771362305,21.68332290649414,0.8253927230834961,2.1146481037139893,-0.13111057877540588
1692286072869932061,174,1692286072868584052,,panda_joint1,panda_joint2,panda_joint3,panda_joint4,panda_joint5,panda_joint6,panda_joint7,-0.268549711838537,-0.5843897467110271,0.025901149636985803,-2.0929416128563463,-0.04394860405697389,1.5251582796816714,0.792571479921321,-0.009127863187111155,0.020087192093580786,-0.004760510560153636,0.02472829527064224,0.008384917514708124,0.0063230073640483135,0.003642782090588978,-0.08662056922912598,-8.525751113891602,-0.5971784591674805,21.68332290649414,0.8253927230834961,2.1357052326202393,-0.10456027835607529
1692286072903374525,175,1692286072902620509,,panda_joint1,panda_joint2,panda_joint3,panda_joint4,panda_joint5,panda_joint6,panda_joint7,-0.26892295976263114,-0.5836847946486393,0.0256597535492056,-2.092077235791927,-0.043658081915557555,1.5255017504143948,0.7925738371105405,-0.011003438253170869,0.023789900580331206,-0.0015723273541901751,0.02554074024994654,0.010262897937783826,0.01403844170896143,0.00042648794434086605,-0.015209436416625977,-8.601129531860352,-0.6328840255737305,21.72299575805664,0.8372945785522461,2.1778194904327393,-0.12470187991857529
1692286072937280081,176,1692286072936614012,,panda_joint1,panda_joint2,panda_joint3,panda_joint4,panda_joint5,panda_joint6,panda_joint7,-0.2692841875760715,-0.5829930568327347,0.025405289294090305,-2.0912281881252377,-0.04335229822546711,1.5258452355411454,0.7925694629425619,-0.01631753173149263,0.022905979048737306,-0.004028923270724444,0.025032986391754945,0.0121217205256768,0.008539466198424928,-0.0009995869174869805,-0.05091500282287598,-8.601129531860352,-0.6328840255737305,21.72299575805664,0.8079977035522461,2.1640865802764893,-0.08533420413732529
1692286072971322371,177,1692286072970606077,,panda_joint1,panda_joint2,panda_joint3,panda_joint4,panda_joint5,panda_joint6,panda_joint7,-0.2696312984583679,-0.5823013074294292,0.025172526097173346,-2.090343825742153,-0.04305622778561657,1.5261826988504084,0.7925657610789768,-0.011888547468534075,0.020026025850701623,-0.009693626318479946,0.02886381254549464,0.01638000750128659,0.010795805994697604,-0.002232353462059979,-0.12629342079162598,-8.672540664672852,-0.6725568771362305,21.72299575805664,0.8134908676147461,2.1851437091827393,-0.052375223487615585
1692286073005564690,178,1692286073004619775,,panda_joint1,panda_joint2,panda_joint3,panda_joint4,panda_joint5,panda_joint6,panda_joint7,-0.2699827223973504,-0.581592921713579,0.024943535108508465,-2.0894663779242957,-0.04274961682687936,1.5265322916715163,0.7925701882466673,-0.004299556337392591,0.016180840042358112,-0.006048764211520745,0.026797720994921594,0.010212144379751351,0.01048121640277347,-0.000659282382278268,-0.12629342079162598,-8.672540664672852,-0.6725568771362305,21.72299575805664,0.8198995590209961,2.1210567951202393,-0.09174289554357529
1692286073039406909,179,1692286073038601318,,panda_joint1,panda_joint2,panda_joint3,panda_joint4,panda_joint5,panda_joint6,panda_joint7,-0.27032664864580913,-0.5808978201053105,0.024731258402684725,-2.0886070438740227,-0.04244631105521244,1.5268582883358495,0.7925731250337427,-0.010042100194987564,0.022222063731381005,-0.004712313931558684,0.024460613954358525,0.006967626010171653,0.009217534053582527,-0.0008448455633463894,-0.08662056922912598,-8.601129531860352,-0.6725568771362305,21.68332290649414,0.8079977035522461,2.1494381427764893,-0.11829318851232529
1692286073073423187,180,1692286073072634557,,panda_joint1,panda_joint2,panda_joint3,panda_joint4,panda_joint5,panda_joint6,panda_joint7,-0.26984386013085204,-0.5797137239013963,0.02461505079997493,-2.0873694784189714,-0.04190911415746984,1.5267780541893303,0.7925682740074955,0.05252479614763428,0.03397131040232283,0.00038274866020632237,0.04424621372233616,0.016196015931559726,-0.021393268929944892,-0.001768917704041031,-0.015209436416625977,-7.902887344360352,0.25975513458251953,21.76266860961914,0.7896871566772461,2.0999996662139893,-0.07892551273107529
1692286073107423715,181,1692286073106629268,,panda_joint1,panda_joint2,panda_joint3,panda_joint4,panda_joint5,panda_joint6,panda_joint7,-0.2683305906146895,-0.5783043995902976,0.024427765067317763,-2.0856114070082383,-0.04120087564918307,1.5257328779746617,0.7925738238098985,0.04806757957761612,0.05391162197849572,0.0025857956531881903,0.05277430827700128,0.02143613209912563,-0.028828935561529462,-1.4092374738546815e-06,0.357715368270874,-8.378961563110352,-0.7836408615112305,21.45322036743164,0.8134908676147461,1.9663327932357788,-0.12470187991857529
1692286073141179748,182,1692286073140564979,,panda_joint1,panda_joint2,panda_joint3,panda_joint4,panda_joint5,panda_joint6,panda_joint7,-0.2665241564477441,-0.5766400418768184,0.024404308461388125,-2.083978505052349,-0.040385135593113276,1.5247342608331858,0.792573835638846,0.05067739027443624,0.048775533292957605,-0.0032419425936946493,0.04394763870217483,0.021709980930162198,-0.029431846371621898,0.0018829188577628197,0.17125296592712402,-8.747919082641602,-0.37501049041748047,21.64365005493164,0.8372945785522461,1.9379514455795288,-0.12470187991857529
1692286073177438376,183,1692286073176326513,,panda_joint1,panda_joint2,panda_joint3,panda_joint4,panda_joint5,panda_joint6,panda_joint7,-0.26493274336714473,-0.5750144533725466,0.02439594768430626,-2.082468694836691,-0.03968794078104682,1.52378474992207,0.7925690610715599,0.052262269432320055,0.05266974407395522,0.0006460512548331388,0.048186627146916065,0.024630317891377193,-0.02160652945328566,-0.0009859236358873717,0.13554739952087402,-9.263666152954102,-0.6725568771362305,21.83804702758789,0.8501119613647461,1.8821042776107788,-0.08533420413732529
1692286073211249613,184,1692286073210603814,,panda_joint1,panda_joint2,panda_joint3,panda_joint4,panda_joint5,panda_joint6,panda_joint7,-0.2629961563378717,-0.5732467619425525,0.024374685076391744,-2.0807272634134466,-0.03884540718945468,1.522708438793376,0.7925766859092573,0.04174722548868712,0.05057134783051665,6.378040583866812e-05,0.048185688911335164,0.019203588527688803,-0.03246203655873992,0.0027848318663457874,0.21092581748962402,-9.005792617797852,-0.6725568771362305,21.79837417602539,0.8675069808959961,1.8821042776107788,-0.15033665299415588
1692286073245462959,185,1692286073244561332,,panda_joint1,panda_joint2,panda_joint3,panda_joint4,panda_joint5,panda_joint6,panda_joint7,-0.26131523062578804,-0.5717440188705374,0.024346395132248875,-2.078960532544743,-0.03812822667541274,1.5217640003226722,0.7925694629243677,0.04849467536990301,0.04153970418400222,-0.0014215798667324663,0.05027034778617054,0.015236276569953867,-0.02496236199392305,-0.0012761259076383097,0.09984183311462402,-9.041498184204102,-0.5971784591674805,21.68332290649414,0.8556051254272461,1.8180173635482788,-0.08533420413732529
1692286073279766336,186,1692286073278722134,,panda_joint1,panda_joint2,panda_joint3,panda_joint4,panda_joint5,panda_joint6,panda_joint7,-0.25969580237683665,-0.5702032027065739,0.024279604605195022,-2.077134193717916,-0.03744882351235608,1.5209299510075782,0.792576645682247,0.04544385946286407,0.03692046382643386,-0.004505108422068945,0.051801236762027324,0.016922201387076338,-0.024537780211122524,0.0014797310312138852,0.06016898155212402,-9.116876602172852,-0.6328840255737305,21.79837417602539,0.8675069808959961,1.8610471487045288,-0.15033665299415588
1692286073313182406,187,1692286073312614723,,panda_joint1,panda_joint2,panda_joint3,panda_joint4,panda_joint5,panda_joint6,panda_joint7,-0.25808036671483187,-0.5686973974505337,0.024178143163829827,-2.0753419497268126,-0.03676762491914678,1.5200306260313672,0.7925701750011905,0.04509253576129073,0.041985511815768456,-0.0014727532865262331,0.05618895469785495,0.019406339299512868,-0.027134792807668107,-0.002449165379171264,0.09984183311462402,-9.005792617797852,-0.5971784591674805,21.83804702758789,0.8198995590209961,1.8885129690170288,-0.09174289554357529
1692286073347383699,188,1692286073346738061,,panda_joint1,panda_joint2,panda_joint3,panda_joint4,panda_joint5,panda_joint6,panda_joint7,-0.25656680176524854,-0.5672242700153686,0.024144250956523408,-2.0735234888641902,-0.03609197418595215,1.5192204376155005,0.792570887071957,0.04887377754427931,0.04677654959750502,-0.0012029134127089622,0.05448453118930419,0.03007259597470295,-0.025548081865943654,-0.00024460803433217664,0.17125296592712402,-8.930414199829102,-0.6328840255737305,21.56827163696289,0.8620138168334961,1.8399900197982788,-0.09815158694982529
1692286073381663193,189,1692286073380648040,,panda_joint1,panda_joint2,panda_joint3,panda_joint4,panda_joint5,panda_joint6,panda_joint7,-0.25500132945069864,-0.5656629714005769,0.024126485971982338,-2.0718531425023996,-0.03545302974755204,1.5183982682759256,0.7925745491882163,0.04656691788388388,0.0490388763654202,-0.000610662478019799,0.045963390686788404,0.017708070999421108,-0.02300034319738099,0.00022855750143843743,0.17125296592712402,-8.966119766235352,-0.5971784591674805,21.64365005493164,0.8675069808959961,1.8326658010482788,-0.13111057877540588
1692286073415265371,190,1692286073414636897,,panda_joint1,panda_joint2,panda_joint3,panda_joint4,panda_joint5,panda_joint6,panda_joint7,-0.25343724703951204,-0.5640549956791504,0.024064484809492196,-2.0702837851266365,-0.03486238408248608,1.5176426710764614,0.7925728865606555,0.04638270597733673,0.0467132831219339,0.00018830951147058247,0.04526178369075534,0.013584152928573626,-0.012850734820271818,-0.00015653594504610755,0.21092581748962402,-9.116876602172852,-0.6328840255737305,21.76266860961914,0.8922262191772461,1.8399900197982788,-0.11829318851232529
1692286073450289443,191,1692286073448782408,,panda_joint1,panda_joint2,panda_joint3,panda_joint4,panda_joint5,panda_joint6,panda_joint7,-0.2520346959311913,-0.5625304570881889,0.0239926847153944,-2.068842751245843,-0.034324779947139755,1.516978263839514,0.7925687508495387,0.044734392305685884,0.04808059288083937,-0.00423406856101125,0.04349923169099911,0.021915425522946026,-0.02184779949558899,0.0032274702448927507,0.24663138389587402,-9.446161270141602,-0.5218000411987305,21.83804702758789,0.8858175277709961,1.8253415822982788,-0.07892551273107529
1692286073483215842,192,1692286073482612653,,panda_joint1,panda_joint2,panda_joint3,panda_joint4,panda_joint5,panda_joint6,panda_joint7,-0.250336160930917,-0.5607111136212453,0.023953329466721095,-2.067054983913333,-0.03368577640939276,1.5162037754088364,0.7925752612105311,0.041909892688870055,0.04727824270747346,-0.0003530208453595264,0.056160245170042054,0.021349562222646754,-0.01704679528828621,0.0007758944349748948,0.21092581748962402,-9.557245254516602,-0.5575056076049805,21.91739273071289,0.8739156723022461,1.8747800588607788,-0.13751927018165588
1692286073517429382,193,1692286073516636295,,panda_joint1,panda_joint2,panda_joint3,panda_joint4,panda_joint5,panda_joint6,panda_joint7,-0.24879447185789952,-0.5591034457324975,0.023943248739329067,-2.0653477556686197,-0.03306171069920437,1.515489393935327,0.7925731294489764,0.03895129537839845,0.042153757725730344,-0.0022221705391239238,0.053115407436840935,0.018573151856310977,-0.021262856569679342,0.0006329549363969423,0.21092581748962402,-9.410455703735352,-0.5971784591674805,21.79837417602539,0.8739156723022461,1.8610471487045288,-0.11829318851232529
1692286073553519877,194,1692286073552500718,,panda_joint1,panda_joint2,panda_joint3,panda_joint4,panda_joint5,panda_joint6,panda_joint7,-0.24734116832737596,-0.5576113625783355,0.023932596463035735,-2.063615633971797,-0.03248289465371217,1.5148693227873993,0.7925699063828501,0.047684584629232626,0.048125715059192296,0.000262805415479309,0.05236018654814168,0.016693984778783484,-0.01642981074782641,0.0006272587912648184,0.13554739952087402,-9.557245254516602,-0.6725568771362305,21.83804702758789,0.8437032699584961,1.8463987112045288,-0.11829318851232529
1692286073587418387,195,1692286073586633391,,panda_joint1,panda_joint2,panda_joint3,panda_joint4,panda_joint5,panda_joint6,panda_joint7,-0.2457604272318508,-0.5559943267615767,0.023885400968492808,-2.0616238548392603,-0.03189477560015344,1.5142223764413105,0.7925752612650392,0.04876710305028738,0.04591209129968989,-0.00115565058126376,0.054088901764646515,0.013598582745606644,-0.018706902150779664,0.0008871854857760437,0.21092581748962402,-9.370782852172852,-0.6328840255737305,21.68332290649414,0.8620138168334961,1.7969602346420288,-0.13751927018165588
1692286073621347498,196,1692286073620573058,,panda_joint1,panda_joint2,panda_joint3,panda_joint4,panda_joint5,panda_joint6,panda_joint7,-0.24433166858930924,-0.5545037497530585,0.023864048759087816,-2.0599388278400537,-0.031361917314225676,1.5136436399915698,0.792568737111722,0.04599222600088911,0.04426844506397719,0.001208012897779809,0.04847666373926684,0.013930983816777426,-0.019574764462621783,-0.0020411123216503924,0.13554739952087402,-9.223993301391602,-0.7082624435424805,21.52859878540039,0.8556051254272461,1.8180173635482788,-0.07892551273107529
1692286073655627034,197,1692286073654713898,,panda_joint1,panda_joint2,panda_joint3,panda_joint4,panda_joint5,panda_joint6,panda_joint7,-0.24295377788285502,-0.5529406884378978,0.02384347052187644,-2.058370532910622,-0.030859325060642255,1.5130852809733621,0.7925727546917062,0.04389921422056987,0.04969348012327736,0.0015936435176476234,0.047476959038577245,0.011448786960078838,-0.014664943863650989,0.001360201884727289,0.24663138389587402,-9.446161270141602,-0.6725568771362305,21.68332290649414,0.8620138168334961,1.7759031057357788,-0.14392796158790588
1692286073689372138,198,1692286073688567173,,panda_joint1,panda_joint2,panda_joint3,panda_joint4,panda_joint5,panda_joint6,panda_joint7,-0.2415548656544388,-0.5513031119716469,0.023804067026686842,-2.056845562699328,-0.030371656737011518,1.5125229950962824,0.7925741550020043,0.03938899585965849,0.04625056047445291,-0.00145881384074943,0.049407613608048934,0.017650764750416062,-0.01473758094970726,0.00019305020322857915,0.24663138389587402,-9.517572402954102,-0.5971784591674805,21.68332290649414,0.8739156723022461,1.7759031057357788,-0.12470187991857529
1692286073723222941,199,1692286073722601590,,panda_joint1,panda_joint2,panda_joint3,panda_joint4,panda_joint5,panda_joint6,panda_joint7,-0.24016514214906468,-0.5496104470206042,0.02376798485461683,-2.055263265837609,-0.029864277833672664,1.5119636253033253,0.7925687554262281,0.03336025744750607,0.051462911807942636,0.00029026475982545785,0.048220221042636895,0.018741087675728112,-0.0170706099888779,-0.004229981161853895,0.21092581748962402,-9.850824356079102,-0.6328840255737305,21.76266860961914,0.8803243637084961,1.7905515432357788,-0.07892551273107529
1692286073757344756,200,1692286073756642229,,panda_joint1,panda_joint2,panda_joint3,panda_joint4,panda_joint5,panda_joint6,panda_joint7,-0.2387688179116687,-0.5479322287652678,0.023725274118471425,-2.0536111326241655,-0.029364204716239312,1.5114865518187353,0.792570055791901,0.03459841224326617,0.04310618932861145,-0.0009135042261960704,0.04780977522917485,0.01745300774690849,-0.013429479432325064,-0.0012288626265283787,0.21092581748962402,-9.961908340454102,-0.5218000411987305,21.79837417602539,0.8675069808959961,1.7832273244857788,-0.09174289554357529
1692286073791433376,201,1692286073790663967,,panda_joint1,panda_joint2,panda_joint3,panda_joint4,panda_joint5,panda_joint6,panda_joint7,-0.23736978872900796,-0.546329256098216,0.023702163063556724,-2.0519197209684195,-0.02890209960781354,1.5110237666212938,0.792574549188209,0.04404730935983406,0.04798090058499442,0.0002508553213225657,0.05169470916294747,0.01190029495620913,-0.015369829657348727,0.0008345150415550159,0.24663138389587402,-9.922235488891602,-0.6328840255737305,21.76266860961914,0.8977193832397461,1.7905515432357788,-0.13111057877540588
1692286073825147531,202,1692286073824616207,,panda_joint1,panda_joint2,panda_joint3,panda_joint4,panda_joint5,panda_joint6,panda_joint7,-0.23600392700682227,-0.544800112994609,0.023693285901787584,-2.0501943141058785,-0.028449204618366336,1.510565250438436,0.792572311068135,0.03773178811741323,0.040015494457556824,-0.0006786151911048045,0.05232220363455054,0.012059266379375674,-0.01564810013200102,-0.005498606625747188,0.21092581748962402,-9.886529922485352,-0.6328840255737305,21.72299575805664,0.8437032699584961,1.7905515432357788,-0.11096896976232529
1692286073860048207,203,1692286073858625313,,panda_joint1,panda_joint2,panda_joint3,panda_joint4,panda_joint5,panda_joint6,panda_joint7,-0.23467814299164683,-0.5433161663332811,0.023672789849605667,-2.0484458348231995,-0.02802562079970495,1.5101539101753914,0.7925694628698595,0.034270852746484746,0.04784784748292523,-0.0007633632995954307,0.05121439332971839,0.013138446256812715,-0.0018639040210901062,-0.0008023627931668969,0.21092581748962402,-9.886529922485352,-0.5971784591674805,21.64365005493164,0.8620138168334961,1.8042844533920288,-0.08533420413732529
1692286073893392253,204,1692286073892623227,,panda_joint1,panda_joint2,panda_joint3,panda_joint4,panda_joint5,panda_joint6,panda_joint7,-0.23336353535689686,-0.5418116678519593,0.02364924724773172,-2.0467587418056703,-0.02762329977091831,1.5097326310044181,0.7925658012999234,0.04004493100641623,0.04958491568723167,-0.00012194821655925862,0.0470997093037341,0.005396150913615775,-0.013027322181933188,-0.004229750908930793,0.17125296592712402,-9.775445938110352,-0.5971784591674805,21.60794448852539,0.8620138168334961,1.7905515432357788,-0.052375223487615585
1692286073927535478,205,1692286073926587538,,panda_joint1,panda_joint2,panda_joint3,panda_joint4,panda_joint5,panda_joint6,panda_joint7,-0.23203262441677663,-0.5402797945326494,0.023625805408828738,-2.045172429070139,-0.027211442506894105,1.5093231338513904,0.7925716006265311,0.04223441418746362,0.045686805909091986,0.0008903414528700822,0.04351432803861097,0.018466980721147427,-0.006465146449957727,-0.00048419598504299854,0.13554739952087402,-9.775445938110352,-0.6725568771362305,21.64365005493164,0.8556051254272461,1.7759031057357788,-0.10456027835607529
1692286073961460385,206,1692286073960649664,,panda_joint1,panda_joint2,panda_joint3,panda_joint4,panda_joint5,panda_joint6,panda_joint7,-0.23078855236227258,-0.5386991372237656,0.023613018645543115,-2.043657750924843,-0.026820690820523102,1.508931145013228,0.7925738366199924,0.03815106971439113,0.0445657085132324,0.0007429913510595206,0.043754079755067,0.018365783339541086,-0.009199108687617016,0.0006823606305618855,0.17125296592712402,-9.886529922485352,-0.6725568771362305,21.52859878540039,0.8620138168334961,1.7548459768295288,-0.12470187991857529
1692286073995433430,207,1692286073994663330,,panda_joint1,panda_joint2,panda_joint3,panda_joint4,panda_joint5,panda_joint6,panda_joint7,-0.22955399072861188,-0.5370282081150652,0.023583604022706237,-2.0421304495435604,-0.02641648227903757,1.5085437160819946,0.7925687508475447,0.03704924571549169,0.04569700318119423,-0.0010128641549069668,0.04416115379632046,0.015580799971715971,-0.009099280545845434,-0.0016479874418740355,0.17125296592712402,-10.180109024047852,-0.5575056076049805,21.83804702758789,0.8803243637084961,1.7905515432357788,-0.07892551273107529
1692286074029215569,208,1692286074028620209,,panda_joint1,panda_joint2,panda_joint3,panda_joint4,panda_joint5,panda_joint6,panda_joint7,-0.22830412832029887,-0.5353642074341219,0.02354606967811066,-2.040511007470798,-0.02601848909205079,1.5081978379707535,0.7925737975369871,0.03580278972759253,0.04609327308164787,-0.0012951145994975167,0.04244491592129879,0.017245040192422317,-0.006727550053448948,0.00027775626199421516,0.286304235458374,-10.291193008422852,-0.5218000411987305,21.87771987915039,0.8858175277709961,1.7969602346420288,-0.12470187991857529
1692286074063400566,209,1692286074062601199,,panda_joint1,panda_joint2,panda_joint3,panda_joint4,panda_joint5,panda_joint6,panda_joint7,-0.22704902923585954,-0.5337687715971293,0.023516818968370316,-2.0388849146422325,-0.025641066206451426,1.5078842007147304,0.7925773974975268,0.03610052826818158,0.044905068374761506,0.0006159654419962478,0.0478758583932294,0.007819235992026169,-0.00682336885259837,0.0025142533840368905,0.24663138389587402,-10.326898574829102,-0.6328840255737305,21.83804702758789,0.8977193832397461,1.7905515432357788,-0.15674534440040588
1692286074097273088,210,1692286074096654568,,panda_joint1,panda_joint2,panda_joint3,panda_joint4,panda_joint5,panda_joint6,panda_joint7,-0.22576516573641048,-0.5322005406067644,0.023486643669756918,-2.0371776769818433,-0.025264880619441307,1.5075708342725114,0.7925712383479785,0.03746197145529255,0.0488633641645137,0.00012709292939123534,0.05610197798682786,0.012495683185635476,-0.006945573819670282,-0.00034434321957785703,0.24663138389587402,-10.362604141235352,-0.5971784591674805,21.72299575805664,0.8803243637084961,1.7832273244857788,-0.11096896976232529
1692286074131236673,211,1692286074130633134,,panda_joint1,panda_joint2,panda_joint3,panda_joint4,panda_joint5,panda_joint6,panda_joint7,-0.22449565497771973,-0.5307127093604116,0.023450769946558456,-2.035471301530502,-0.024899395545675496,1.5072735384183031,0.792570885606294,0.04190090767182456,0.04694751893623254,-0.002228861271288192,0.05075687301148697,0.013918728567475959,-0.007924712304407262,-0.0019870162018098122,0.13554739952087402,-10.291193008422852,-0.6328840255737305,21.64365005493164,0.8556051254272461,1.7832273244857788,-0.09815158694982529
1692286074165172603,212,1692286074164601594,,panda_joint1,panda_joint2,panda_joint3,panda_joint4,panda_joint5,panda_joint6,panda_joint7,-0.22326861818366775,-0.5292701884017277,0.02343434638885964,-2.0338689832755366,-0.024549894213062837,1.5070157761026124,0.7925756123715548,0.03521857244914554,0.04403679792364106,0.00034085613068745495,0.04868319783092623,0.010328938896149073,-0.0116860488832783,0.003403441873700677,0.13554739952087402,-10.108697891235352,-0.6328840255737305,21.56827163696289,0.8739156723022461,1.7694944143295288,-0.15033665299415588
1692286074199298647,213,1692286074198581499,,panda_joint1,panda_joint2,panda_joint3,panda_joint4,panda_joint5,panda_joint6,panda_joint7,-0.22210089531317925,-0.5277703819252181,0.02341743097063171,-2.032336668816669,-0.024203604971328355,1.506775661985206,0.7925766324872491,0.03901760653995006,0.04845433499552319,-0.003162482160821703,0.049738850020445535,0.013724512759704394,-0.004260027906615771,0.004499206437998855,0.24663138389587402,-10.215814590454102,-0.5575056076049805,21.68332290649414,0.8620138168334961,1.8042844533920288,-0.15033665299415588
1692286074233319507,214,1692286074232594510,,panda_joint1,panda_joint2,panda_joint3,panda_joint4,panda_joint5,panda_joint6,panda_joint7,-0.220911048119219,-0.5262058082770491,0.023374930184599445,-2.0308362967318736,-0.02388475394920452,1.5065389960071411,0.7925723111771512,0.036235580892711436,0.0423355641021716,-0.0008411556154202353,0.03860725356112686,0.012453710068579952,-0.011351412689997554,-0.0005775193874767569,0.24663138389587402,-10.215814590454102,-0.5575056076049805,21.68332290649414,0.8858175277709961,1.7905515432357788,-0.11096896976232529
1692286074267290128,215,1692286074266691377,,panda_joint1,panda_joint2,panda_joint3,panda_joint4,panda_joint5,panda_joint6,panda_joint7,-0.21973503294638366,-0.5245726902785344,0.023338333502960277,-2.029323263640588,-0.0235638062238447,1.5063173355500503,0.7925683869163554,0.03250246394388345,0.04947716105839032,-0.0009465032577956358,0.04552131559694658,0.0028124176458629003,-0.0036550768231373896,-0.010462177612480169,0.24663138389587402,-10.509393692016602,-0.5218000411987305,21.79837417602539,0.8739156723022461,1.7969602346420288,-0.09174289554357529
1692286074301423067,216,1692286074300649920,,panda_joint1,panda_joint2,panda_joint3,panda_joint4,panda_joint5,panda_joint6,panda_joint7,-0.2185656844766705,-0.5229351458644291,0.02330979875514482,-2.0277938790235104,-0.023241036886302757,1.5061422992975724,0.7925745491700471,0.034088072601188193,0.05450281096065465,0.0004045106952657915,0.04551703494396422,0.007761503781203416,-0.0034484081846097815,0.0010175922751794312,0.21092581748962402,-10.695856094360352,-0.6328840255737305,21.87771987915039,0.8739156723022461,1.8042844533920288,-0.13111057877540588
1692286074335522269,217,1692286074334620947,,panda_joint1,panda_joint2,panda_joint3,panda_joint4,panda_joint5,panda_joint6,panda_joint7,-0.21743925425252306,-0.5213431395389941,0.02328747384947343,-2.0262258477510637,-0.022925356809162824,1.5059420187602577,0.7925765794548723,0.03149016400795549,0.04643847863758014,-0.002488930246009263,0.048066672983849076,0.009325325316114226,-0.0018120438516656097,0.0017163490812925326,0.24663138389587402,-10.695856094360352,-0.6328840255737305,21.83804702758789,0.8675069808959961,1.7969602346420288,-0.15033665299415588
1692286074369718658,218,1692286074368552855,,panda_joint1,panda_joint2,panda_joint3,panda_joint4,panda_joint5,panda_joint6,panda_joint7,-0.21632924336795006,-0.5197908681836729,0.02324656881987997,-2.0245840461008218,-0.022628707596270545,1.5058434984273754,0.7925715991003274,0.031224269834633448,0.042391130085480656,0.0004731424548240787,0.04920030335693108,0.0055632119346922075,-0.009472735926690037,7.283110022756397e-05,0.17125296592712402,-10.767267227172852,-0.6725568771362305,21.91739273071289,0.8858175277709961,1.8180173635482788,-0.10456027835607529
1692286074403336936,219,1692286074402586038,,panda_joint1,panda_joint2,panda_joint3,panda_joint4,panda_joint5,panda_joint6,panda_joint7,-0.2152352529903411,-0.5183080245011965,0.023192753656365864,-2.0228735692182127,-0.022329679458191296,1.505635668946357,0.7925714799394904,0.031073427662187902,0.0396308498418781,-2.0557118382773243e-05,0.05075782863872993,0.01313165574361049,-0.01261372229332678,-0.004862515920563109,0.286304235458374,-10.767267227172852,-0.5971784591674805,21.68332290649414,0.8739156723022461,1.8042844533920288,-0.10456027835607529
1692286074437162989,220,1692286074436568069,,panda_joint1,panda_joint2,panda_joint3,panda_joint4,panda_joint5,panda_joint6,panda_joint7,-0.21414470324482207,-0.516883650855624,0.023160417414595506,-2.0212772339921536,-0.022057169250761108,1.5055824994761848,0.7925759733418621,0.027564669817061925,0.044311693750323816,0.0011022719761442788,0.047347232566621135,0.011252793387257336,-0.0004503496389704203,0.0009136146824718952,0.24663138389587402,-10.695856094360352,-0.6328840255737305,21.64365005493164,0.8803243637084961,1.7905515432357788,-0.14392796158790588
1692286074471483565,221,1692286074470617340,,panda_joint1,panda_joint2,panda_joint3,panda_joint4,panda_joint5,panda_joint6,panda_joint7,-0.21303415212416285,-0.5154472053468113,0.023123537495598867,-2.0197394888978066,-0.02180939979981187,1.5054782459276903,0.7925745447730574,0.03631631711949817,0.04086840110481656,-0.0001111234163194108,0.039535530663762614,0.002465999297219234,0.00014576520433854105,0.000416126887062924,0.24663138389587402,-10.656183242797852,-0.5575056076049805,21.52859878540039,0.8620138168334961,1.7832273244857788,-0.13111057877540588
1692286074505243124,222,1692286074504623492,,panda_joint1,panda_joint2,panda_joint3,panda_joint4,panda_joint5,panda_joint6,panda_joint7,-0.2118910578773209,-0.513995463214988,0.02307119454334699,-2.0182846768651346,-0.02156742592590802,1.5053442468711067,0.79256875084747,0.03503195097231627,0.037256616551757646,-0.001063671377469406,0.041085652284155255,0.006352070675311235,-0.0004602950411780281,-0.0037100480283842304,0.17125296592712402,-10.473688125610352,-0.5971784591674805,21.56827163696289,0.8739156723022461,1.8042844533920288,-0.07892551273107529
1692286074539245018,223,1692286074538661244,,panda_joint1,panda_joint2,panda_joint3,panda_joint4,panda_joint5,panda_joint6,panda_joint7,-0.21075248448369585,-0.5124409471335455,0.023038200141428457,-2.016853290487678,-0.02134125000144937,1.5052948485547226,0.7925770398680877,0.03501467131452128,0.045559887395428565,-0.0032512013627986097,0.04353206374954984,0.0028333321962491,-0.004734443377350948,0.003086322845709578,0.17125296592712402,-10.767267227172852,-0.6328840255737305,21.64365005493164,0.8803243637084961,1.7759031057357788,-0.15674534440040588
1692286074573195155,224,1692286074572620388,,panda_joint1,panda_joint2,panda_joint3,panda_joint4,panda_joint5,panda_joint6,panda_joint7,-0.20968586367164316,-0.5108382624321077,0.023028266197698436,-2.0153690737097567,-0.021092985036461245,1.505213270787305,0.7925723900119952,0.03485334513982857,0.049620435293337296,0.0008893409570186262,0.03901640223584656,0.003926576025568207,-0.0014470530684982145,0.0010654599836325137,0.17125296592712402,-10.989435195922852,-0.6725568771362305,21.68332290649414,0.8858175277709961,1.7905515432357788,-0.13111057877540588
1692286074607020568,225,1692286074605945551,,panda_joint1,panda_joint2,panda_joint3,panda_joint4,panda_joint5,panda_joint6,panda_joint7,-0.20866462326531773,-0.5092967394025849,0.022985336887888917,-2.013901149767689,-0.020884826468974438,1.5051483929325877,0.7925738371105655,0.03157431826475951,0.04663807934276561,0.0010170869048144165,0.04804162857608833,0.004543965383937096,-0.001613257005264808,0.0006044834806486261,0.17125296592712402,-11.136224746704102,-0.6328840255737305,21.72299575805664,0.8675069808959961,1.8116086721420288,-0.12470187991857529
1692286074640310471,226,1692286074639576577,,panda_joint1,panda_joint2,panda_joint3,panda_joint4,panda_joint5,panda_joint6,panda_joint7,-0.20762410126786668,-0.5077879856434275,0.022914571094103827,-2.012381135862982,-0.020661945054088766,1.5051226592848008,0.7925731117701041,0.030207506142254165,0.04142948570536913,-0.00029326662754197675,0.037255446539728614,0.006328828332803882,-0.005026511958907835,0.00024798944408112636,0.17125296592712402,-11.100519180297852,-0.5971784591674805,21.87771987915039,0.8803243637084961,1.7969602346420288,-0.11829318851232529
1692286074674475339,227,1692286074673598446,,panda_joint1,panda_joint2,panda_joint3,panda_joint4,panda_joint5,panda_joint6,panda_joint7,-0.20658983568910133,-0.5063002616109927,0.022848591760553007,-2.010752089586258,-0.020429421360608033,1.505093929949794,0.7925680387707218,0.034126861680672624,0.0446881976008148,-0.003040771590117457,0.045452927551687436,0.0070412491614913935,4.129284333981607e-05,-0.0012985912776344757,0.24663138389587402,-11.100519180297852,-0.5218000411987305,21.76266860961914,0.8675069808959961,1.8180173635482788,-0.07251682132482529
1692286074708224709,228,1692286074707629917,,panda_joint1,panda_joint2,panda_joint3,panda_joint4,panda_joint5,panda_joint6,panda_joint7,-0.20557558544422194,-0.5048883634278714,0.022809135789340247,-2.0091479048390606,-0.020194549743136357,1.505080194534892,0.7925716803900026,0.028470852038402945,0.03917563698045486,0.0001737632977078162,0.0492742632675769,0.016293256587808686,-0.0005166183185018097,0.0002901898252570498,0.17125296592712402,-11.025140762329102,-0.5971784591674805,21.68332290649414,0.8675069808959961,1.8180173635482788,-0.14392796158790588
1692286074742458852,229,1692286074741673202,,panda_joint1,panda_joint2,panda_joint3,panda_joint4,panda_joint5,panda_joint6,panda_joint7,-0.20459752180595064,-0.5035086252719387,0.022787202588037386,-2.007670413303011,-0.01997283544879052,1.505076540908218,0.7925715991548373,0.023819884307996298,0.03764077455194662,-0.0004103396134333536,0.048454870881705116,0.006096708325257664,0.0002725985792519899,-4.737326853305081e-05,0.24663138389587402,-10.953729629516602,-0.5971784591674805,21.64365005493164,0.8620138168334961,1.7969602346420288,-0.10456027835607529
1692286074776612279,230,1692286074775579760,,panda_joint1,panda_joint2,panda_joint3,panda_joint4,panda_joint5,panda_joint6,panda_joint7,-0.20359951439584245,-0.5020964560548424,0.02273470984846338,-2.006254804669449,-0.019743922507432295,1.5050702631616388,0.7925694673395265,0.026177353120059848,0.050000173422327765,0.0001104889092111989,0.03986601783056307,0.0022277953986916265,0.00012117840848802918,0.004185509243374263,0.17125296592712402,-10.989435195922852,-0.6328840255737305,21.64365005493164,0.8675069808959961,1.8116086721420288,-0.08533420413732529
1692286074810200199,231,1692286074809640689,,panda_joint1,panda_joint2,panda_joint3,panda_joint4,panda_joint5,panda_joint6,panda_joint7,-0.2026148153021703,-0.5006282955681141,0.0226700951772119,-2.004878788146532,-0.019560545112976006,1.5050676875129074,0.7925745491882165,0.02886863701068048,0.043819278502828005,-0.0041024754117614465,0.04042233936366254,0.011273180915208837,-0.0003099644304874981,0.0009961056153915235,0.21092581748962402,-11.136224746704102,-0.5575056076049805,21.68332290649414,0.8620138168334961,1.8326658010482788,-0.13111057877540588
1692286074844297934,232,1692286074843595028,,panda_joint1,panda_joint2,panda_joint3,panda_joint4,panda_joint5,panda_joint6,panda_joint7,-0.20160177929638654,-0.4990945372703881,0.02259900515014226,-2.0034864192027952,-0.019366410438013175,1.5050670045303538,0.7925759733237011,0.027996028944343613,0.04515395883056862,-0.0023054913423787866,0.04055127197785259,0.00983300380470038,0.005568876454839047,0.0011648012350605537,0.17125296592712402,-11.354425430297852,-0.5971784591674805,21.87771987915039,0.8675069808959961,1.8399900197982788,-0.14392796158790588
1692286074878358921,233,1692286074877621397,,panda_joint1,panda_joint2,panda_joint3,panda_joint4,panda_joint5,panda_joint6,panda_joint7,-0.20064766391571928,-0.497552907665024,0.02254354814481488,-2.00202802649695,-0.0192011038467194,1.5050699293977527,0.7925687508475447,0.02811918830392281,0.044166742637475775,-0.002759418787695361,0.04320849517685108,0.003685648360578778,-0.000493356032359941,-0.0010964141549261845,0.24663138389587402,-11.429803848266602,-0.48609447479248047,21.79837417602539,0.8675069808959961,1.8463987112045288,-0.07892551273107529
1692286074912662672,234,1692286074911580461,,panda_joint1,panda_joint2,panda_joint3,panda_joint4,panda_joint5,panda_joint6,panda_joint7,-0.1996479335695343,-0.49604616340329394,0.02247826817338724,-2.0005449450476913,-0.018990899097414363,1.5050717729019083,0.7925700690434342,0.02718593869394666,0.040504062653012846,-0.0027057596367988704,0.04695872283121892,0.004656478349246909,0.00026799963709753943,0.00333661421562376,0.21092581748962402,-11.540887832641602,-0.5575056076049805,21.72299575805664,0.8675069808959961,1.8399900197982788,-0.09174289554357529
1692286074946496087,235,1692286074945619026,,panda_joint1,panda_joint2,panda_joint3,panda_joint4,panda_joint5,panda_joint6,panda_joint7,-0.19866332650438276,-0.49458576022581474,0.02241336413282159,-1.9990347244665476,-0.018827720768020948,1.5050790755740406,0.7925745493517409,0.02850203646304208,0.04846423917924297,0.0002327110632545968,0.05080314325350784,0.0014926791029582567,0.0023708560317077386,0.0016991937681482502,0.24663138389587402,-11.540887832641602,-0.5575056076049805,21.64365005493164,0.8675069808959961,1.8610471487045288,-0.13111057877540588
1692286074980305816,236,1692286074979565250,,panda_joint1,panda_joint2,panda_joint3,panda_joint4,panda_joint5,panda_joint6,panda_joint7,-0.19767343876776722,-0.4931681800917925,0.02236042475017246,-1.9975012522638207,-0.018635991866241507,1.5050899173588774,0.7925738371105655,0.0295830964117666,0.0383739167466461,-0.0041270159995685915,0.051195754999748995,0.003063215914905883,-9.661026180802312e-05,0.00023803532359440677,0.17125296592712402,-11.501214981079102,-0.5218000411987305,21.64365005493164,0.8675069808959961,1.8885129690170288,-0.12470187991857529
1692286075014626473,237,1692286075013600301,,panda_joint1,panda_joint2,panda_joint3,panda_joint4,panda_joint5,panda_joint6,panda_joint7,-0.19672708305750905,-0.49180465366106274,0.022330138694225204,-1.9959722994940483,-0.018462855981704586,1.5051142279029048,0.7925694624335702,0.022140608622431644,0.03648342833672348,-0.0017040693379019077,0.04678848918042504,0.007085246398962231,-0.00010034822527347794,-0.0014023385102701438,0.17125296592712402,-11.465509414672852,-0.5575056076049805,21.56827163696289,0.8620138168334961,1.8885129690170288,-0.08533420413732529
1692286075048397323,238,1692286075047622216,,panda_joint1,panda_joint2,panda_joint3,panda_joint4,panda_joint5,panda_joint6,panda_joint7,-0.19579400584314133,-0.4904522450683489,0.022279878691292984,-1.9945142831931948,-0.018315521709744265,1.5052022062345487,0.792574547716494,0.027546411475974326,0.040179521455654635,0.00033814735100238586,0.04143879380050607,0.002735988284311391,0.011798504017932872,0.0004796898612474884,0.17125296592712402,-11.612298965454102,-0.5575056076049805,21.56827163696289,0.8739156723022461,1.9379514455795288,-0.13111057877540588
1692286075082270201,239,1692286075081631792,,panda_joint1,panda_joint2,panda_joint3,panda_joint4,panda_joint5,panda_joint6,panda_joint7,-0.19486953648765215,-0.48911874742160655,0.02221170127649192,-1.9931269264691387,-0.018133303221528778,1.505309640722738,0.7925766854186851,0.02710402263561373,0.03961127640998031,-0.0024364704280549353,0.03949891407937452,0.0027805437475687555,0.000662578625299613,-0.0004416402592185293,0.17125296592712402,-11.354425430297852,-0.5575056076049805,21.56827163696289,0.8739156723022461,1.8958371877670288,-0.15033665299415588
1692286075116609296,240,1692286075115537722,,panda_joint1,panda_joint2,panda_joint3,panda_joint4,panda_joint5,panda_joint6,panda_joint7,-0.193973690094043,-0.4877303904386328,0.022148451993328874,-1.991790206218575,-0.01797305687628043,1.505369002619144,0.7925680387714695,0.024623303530185627,0.039960335232893225,-0.0067991264169353464,0.03726240881484187,0.00959794085550625,0.0027011540654667903,-0.001622242019527559,0.24663138389587402,-11.465509414672852,-0.5971784591674805,21.60794448852539,0.8501119613647461,1.9590085744857788,-0.07251682132482529
1692286075150543067,241,1692286075149644930,,panda_joint1,panda_joint2,panda_joint3,panda_joint4,panda_joint5,panda_joint6,panda_joint7,-0.193048241793667,-0.4862751522756252,0.022065441489267132,-1.9904714864025463,-0.01783979932842203,1.5054855651293557,0.7925698156661521,0.023194188369763055,0.04372119995459155,-0.0003615014781183606,0.035984455683803915,0.00043510684725407494,0.00195227773820216,-0.009959898919731418,0.21092581748962402,-11.687677383422852,-0.5971784591674805,21.72299575805664,0.8675069808959961,1.9663327932357788,-0.09815158694982529
1692286075184135446,242,1692286075183570864,,panda_joint1,panda_joint2,panda_joint3,panda_joint4,panda_joint5,panda_joint6,panda_joint7,-0.19219422769544392,-0.48478666115396396,0.021997830191525198,-1.9890738162372321,-0.017671250982584843,1.5055856735326811,0.7925715986582067,0.024840743037687883,0.040731497895700616,-0.0009173666893707007,0.03874367233910136,0.005796975718506128,0.00016399048052290462,0.00013201756680883138,0.17125296592712402,-11.834466934204102,-0.5575056076049805,21.60794448852539,0.8675069808959961,1.9452756643295288,-0.10456027835607529
1692286075218545199,243,1692286075217599207,,panda_joint1,panda_joint2,panda_joint3,panda_joint4,panda_joint5,panda_joint6,panda_joint7,-0.19133967098602767,-0.48333870053072736,0.021927641419741364,-1.9876369945331067,-0.017512528590547034,1.505696902927875,0.7925715976831168,0.02749973040265158,0.03697896876468228,-0.00020713086365604748,0.04337749521284743,0.004365668600392278,0.0015150593426867351,0.00041639472734634033,0.24663138389587402,-11.870172500610352,-0.5575056076049805,21.56827163696289,0.8620138168334961,1.9736570119857788,-0.10456027835607529
1692286075252238476,244,1692286075251573680,,panda_joint1,panda_joint2,panda_joint3,panda_joint4,panda_joint5,panda_joint6,panda_joint7,-0.19049559358297358,-0.4819461039560774,0.021857650741832074,-1.9862296499090282,-0.017351276414664156,1.505885364877759,0.7925694496788911,0.020565258884899785,0.03532312658280488,-0.00417731835287764,0.04608119759278901,0.009676239746463377,0.0004512367122660006,-0.001334018256880157,0.286304235458374,-11.870172500610352,-0.5575056076049805,21.72299575805664,0.8675069808959961,1.9809812307357788,-0.08533420413732529
1692286075287214695,245,1692286075285616001,,panda_joint1,panda_joint2,panda_joint3,panda_joint4,panda_joint5,panda_joint6,panda_joint7,-0.18962467275071704,-0.4805516869594714,0.02178768398988286,-1.9847324866223675,-0.017202417941982198,1.5059327344537028,0.7925730897124718,0.023946368963030082,0.04685776545950799,-0.005148765502073447,0.043761946111982114,0.008247906987066967,0.003092705535451507,-0.00033287087401637254,0.21092581748962402,-11.981256484985352,-0.5971784591674805,21.64365005493164,0.8620138168334961,2.0084469318389893,-0.11829318851232529
1692286075320186232,246,1692286075319587331,,panda_joint1,panda_joint2,panda_joint3,panda_joint4,panda_joint5,panda_joint6,panda_joint7,-0.18873321247129135,-0.4792343531160144,0.021711274532191356,-1.983274626742124,-0.01705868202543445,1.5061761011590398,0.7925749036371705,0.022921711606326268,0.04042707787478287,-0.0015857524585263147,0.04332180349013237,0.0001602189295895785,0.0019227893483070226,0.001302510426246744,0.17125296592712402,-11.905878067016602,-0.5575056076049805,21.60794448852539,0.8675069808959961,1.9736570119857788,-0.13751927018165588
1692286075354548412,247,1692286075353538624,,panda_joint1,panda_joint2,panda_joint3,panda_joint4,panda_joint5,panda_joint6,panda_joint7,-0.1879224626375246,-0.477938384889545,0.021667286983631618,-1.9819155324295443,-0.01689820460123562,1.5062891543668024,0.7925766854186851,0.024251720754103225,0.035028725743638404,-8.775996569895751e-05,0.040248695009283346,0.003531012731574027,0.0029997249232247294,0.001427615378677504,0.24663138389587402,-11.870172500610352,-0.6328840255737305,21.68332290649414,0.8501119613647461,2.0505611896514893,-0.15033665299415588
1692286075388280155,248,1692286075387550208,,panda_joint1,panda_joint2,panda_joint3,panda_joint4,panda_joint5,panda_joint6,panda_joint7,-0.1870636288649004,-0.47664944755335026,0.02158315294170078,-1.9806168375992592,-0.01675486862461261,1.5064658619802713,0.7925694629243676,0.02470033679019469,0.03912732790322757,-0.007148588352360757,0.03777645124178665,0.005052963202690099,0.013346155588472885,-0.0011749584841351719,0.24663138389587402,-11.870172500610352,-0.5971784591674805,21.60794448852539,0.8501119613647461,2.0368282794952393,-0.08533420413732529
1692286075422492476,249,1692286075421573047,,panda_joint1,panda_joint2,panda_joint3,panda_joint4,panda_joint5,panda_joint6,panda_joint7,-0.1861985329619428,-0.475322990009881,0.021499403863676065,-1.9793310727778994,-0.016626227288149404,1.5066321329737231,0.7925777678389345,0.01956991643459315,0.038814065951341806,-0.001240940755860643,0.03726036674174477,0.005628696796582564,0.005893013422622623,0.005427599171876762,0.21092581748962402,-11.981256484985352,-0.5575056076049805,21.64365005493164,0.8675069808959961,2.0368282794952393,-0.13111057877540588
1692286075457374373,250,1692286075456016222,,panda_joint1,panda_joint2,panda_joint3,panda_joint4,panda_joint5,panda_joint6,panda_joint7,-0.18536981268357133,-0.4739977526078518,0.02142335515318564,-1.9780943740243797,-0.016485490904288178,1.5067943945438598,0.7925705324655349,0.023630867740661237,0.04343566833391391,-0.0013903011922036888,0.03569533842359449,0.007660866714300362,0.0059242014445786036,-0.001172967787103814,0.17125296592712402,-12.016962051391602,-0.5218000411987305,21.68332290649414,0.8556051254272461,2.0230953693389893,-0.09174289554357529
1692286075490270565,251,1692286075489693857,,panda_joint1,panda_joint2,panda_joint3,panda_joint4,panda_joint5,panda_joint6,panda_joint7,-0.1845093911750538,-0.4725551237490522,0.02134810077541855,-1.9767587173847223,-0.016353301475524842,1.5069499492421454,0.7925701750011906,0.02229560431897599,0.04423124921507633,0.001066464322978201,0.03859277070951669,0.005406418237730899,0.005274227073436308,-0.0012779199133854016,0.17125296592712402,-12.163751602172852,-0.6328840255737305,21.76266860961914,0.8739156723022461,2.0652096271514893,-0.09174289554357529
1692286075524262817,252,1692286075523623008,,panda_joint1,panda_joint2,panda_joint3,panda_joint4,panda_joint5,panda_joint6,panda_joint7,-0.18371893575842532,-0.4711453885818908,0.021278494350539537,-1.97541995866089,-0.01621490927560306,1.5071674554944414,0.7925746683975059,0.02185952029317138,0.039899035990966725,0.00033758748084234715,0.04253288986357115,0.0011636191415707862,0.006058153596196793,0.0006914393721892188,0.21092581748962402,-12.385919570922852,-0.6328840255737305,21.68332290649414,0.8556051254272461,2.0999996662139893,-0.13111057877540588
1692286075558160181,253,1692286075557621976,,panda_joint1,panda_joint2,panda_joint3,panda_joint4,panda_joint5,panda_joint6,panda_joint7,-0.1829252149601812,-0.46977519776845345,0.021177740800095705,-1.974079985552585,-0.01609514631638352,1.5073612161237087,0.79257454874607,0.021152880969373136,0.036795481636522076,-0.0029173451397346965,0.03886344481445577,0.00048112663937879553,0.00688749318312404,0.0014525225828314497,0.24663138389587402,-12.346246719360352,-0.5575056076049805,21.76266860961914,0.8675069808959961,2.0789425373077393,-0.13111057877540588
1692286075592437371,254,1692286075591564719,,panda_joint1,panda_joint2,panda_joint3,panda_joint4,panda_joint5,panda_joint6,panda_joint7,-0.1821181785702057,-0.468445164307306,0.021069722892707237,-1.9726918180453377,-0.015980117721251425,1.5075585140389423,0.7925759733418706,0.02474913526639766,0.03847104734414195,-0.007391916030291228,0.044862846460069876,0.00589317856677456,0.0020295281416182996,0.0017081219621224697,0.21092581748962402,-12.310541152954102,-0.5218000411987305,21.68332290649414,0.8675069808959961,2.0725338459014893,-0.14392796158790588
1692286075626646557,255,1692286075625630139,,panda_joint1,panda_joint2,panda_joint3,panda_joint4,panda_joint5,panda_joint6,panda_joint7,-0.18133041179424123,-0.4671362388933749,0.02096745448146333,-1.9712475993422285,-0.01585877997216541,1.507767215301897,0.792572050623909,0.02365808704648369,0.03793454479197545,-0.0005618541473133422,0.04591378853036321,0.003460032038649411,0.0025353795287961873,-0.002386506724221181,0.17125296592712402,-12.421625137329102,-0.5218000411987305,21.68332290649414,0.8675069808959961,2.1073238849639893,-0.11829318851232529
1692286075660922537,256,1692286075659681353,,panda_joint1,panda_joint2,panda_joint3,panda_joint4,panda_joint5,panda_joint6,panda_joint7,-0.1805338250431439,-0.4658878292570753,0.020852420190861098,-1.9698335432543614,-0.015725074492111232,1.5079759095782885,0.7925715991548363,0.02373858129949686,0.04000125399177989,-0.004544494384527915,0.040182652500958115,0.010085138500303119,0.0015000067939914957,-0.0007313290737012728,0.24663138389587402,-12.385919570922852,-0.5218000411987305,21.52859878540039,0.8620138168334961,2.0578854084014893,-0.10456027835607529
1692286075697506540,257,1692286075695985591,,panda_joint1,panda_joint2,panda_joint3,panda_joint4,panda_joint5,panda_joint6,panda_joint7,-0.17974466445133994,-0.4646667838057136,0.020771740457856264,-1.9685239375020376,-0.015619234021252228,1.5081912634232537,0.7925712383238276,0.024999094817275722,0.03501300162312828,-0.0034585678587269247,0.039137209860260855,0.002915135254354273,0.007230912910597378,-0.006717370300947641,0.17125296592712402,-12.385919570922852,-0.5575056076049805,21.60794448852539,0.8556051254272461,2.1146481037139893,-0.11096896976232529
1692286075730354486,258,1692286075729570369,,panda_joint1,panda_joint2,panda_joint3,panda_joint4,panda_joint5,panda_joint6,panda_joint7,-0.17897154798587978,-0.46337256774033286,0.020704213914631005,-1.9671950566501617,-0.015489463908889754,1.5084360861256667,0.7925766456822553,0.014166638818800485,0.03639369622691645,-0.0016820059013703617,0.03554161134044411,0.000498100873841649,0.0008406620207484252,0.0008894606764531025,0.17125296592712402,-12.310541152954102,-0.5218000411987305,21.52859878540039,0.8556051254272461,2.0999996662139893,-0.15033665299415588
1692286075764195285,259,1692286075763615284,,panda_joint1,panda_joint2,panda_joint3,panda_joint4,panda_joint5,panda_joint6,panda_joint7,-0.17823942160965559,-0.462130102950236,0.02061273447778157,-1.9659826450435631,-0.015394385194707733,1.508658148362404,0.7925713305376977,0.016016296900942757,0.03556305618142563,-0.0037556887295084732,0.03235376340073339,0.004867076812867224,0.014642595009365331,0.0004525195660365901,0.21092581748962402,-12.346246719360352,-0.5218000411987305,21.52859878540039,0.8739156723022461,2.1073238849639893,-0.13111057877540588
1692286075798493832,260,1692286075797573151,,panda_joint1,panda_joint2,panda_joint3,panda_joint4,panda_joint5,panda_joint6,panda_joint7,-0.17751646161459475,-0.4608168194994469,0.02051047759610335,-1.9647952347787931,-0.01526726841608171,1.508914429616022,0.7925737973734711,0.02407870053022877,0.04283379307338762,-0.0018869178019513104,0.03453611639698253,0.005809908484898625,0.011373718893526374,-0.0016892826199326819,0.24663138389587402,-12.532709121704102,-0.5218000411987305,21.68332290649414,0.8803243637084961,2.1210567951202393,-0.12470187991857529
1692286075832265318,261,1692286075831666557,,panda_joint1,panda_joint2,panda_joint3,panda_joint4,panda_joint5,panda_joint6,panda_joint7,-0.17677889635445102,-0.4594990632703293,0.02041098357637038,-1.9635513506856472,-0.015167996236795461,1.5091324863329383,0.7925694629304244,0.018767945395129045,0.03506947819006135,-0.007288855306600562,0.037307401983287886,0.0029547972528727053,0.0012984737919498426,-0.0017595091803454745,0.21092581748962402,-12.568414688110352,-0.48609447479248047,21.60794448852539,0.8675069808959961,2.1146481037139893,-0.08533420413732529
1692286075866475771,262,1692286075865605341,,panda_joint1,panda_joint2,panda_joint3,panda_joint4,panda_joint5,panda_joint6,panda_joint7,-0.17601236816853938,-0.458167053775021,0.02028647311535444,-1.96226882552141,-0.01507402897467494,1.5093922879878394,0.7925752612650421,0.02331174934116843,0.03813071695032301,-0.001786372615042504,0.03861877946506661,0.0016566217511199334,0.003776408379530995,0.0010339237661455428,0.17125296592712402,-12.679498672485352,-0.5575056076049805,21.68332290649414,0.8675069808959961,2.1073238849639893,-0.13751927018165588
1692286075900706900,263,1692286075899601326,,panda_joint1,panda_joint2,panda_joint3,panda_joint4,panda_joint5,panda_joint6,panda_joint7,-0.17528839915103647,-0.4568600909437752,0.020216486276365717,-1.960976980503174,-0.014938446829337291,1.509647118990277,0.7925701748194968,0.01563352878406795,0.03876810653331702,-0.004813933340476163,0.03207465929473962,0.009195466418842987,0.005894107039690157,0.0001971993055645614,0.322009801864624,-12.790582656860352,-0.44642162322998047,21.64365005493164,0.8675069808959961,2.0999996662139893,-0.09174289554357529
1692286075934387062,264,1692286075933537873,,panda_joint1,panda_joint2,panda_joint3,panda_joint4,panda_joint5,panda_joint6,panda_joint7,-0.17456413656872122,-0.455629125590892,0.020134045038598627,-1.9596770524783824,-0.014844292314229584,1.5099085565251147,0.7925759336054323,0.02534829191802103,0.038490328418775775,-0.0049301635692216555,0.03642394201151871,0.004985267711251058,0.006826920607864639,0.00047105259758989176,0.21092581748962402,-12.750909805297852,-0.5218000411987305,21.68332290649414,0.8739156723022461,2.0999996662139893,-0.14392796158790588
1692286075968723867,265,1692286075967569564,,panda_joint1,panda_joint2,panda_joint3,panda_joint4,panda_joint5,panda_joint6,panda_joint7,-0.17381994171892481,-0.45439519916549637,0.020027535309885682,-1.958316056484933,-0.014738162240374246,1.5101205455397582,0.792575973832435,0.021205501528840473,0.03520804637558729,-0.0013650383035380183,0.03894487894056305,0.007535496122762431,0.009261953380039378,0.0016741266292204656,0.286304235458374,-12.715204238891602,-0.5218000411987305,21.68332290649414,0.8675069808959961,2.1210567951202393,-0.14392796158790588
1692286076002169777,266,1692286076001539596,,panda_joint1,panda_joint2,panda_joint3,panda_joint4,panda_joint5,panda_joint6,panda_joint7,-0.1730876317547879,-0.4531992848841707,0.019946902745945325,-1.957000006588724,-0.014641678187594749,1.510372940148572,0.7925715846011645,0.019126285335461575,0.03533510533184989,-0.005867643268631927,0.03844481714874202,0.005464370630709926,0.014295235438874202,0.006120993920128566,0.21092581748962402,-12.790582656860352,-0.5218000411987305,21.60794448852539,0.8620138168334961,2.1210567951202393,-0.10456027835607529
1692286076036434372,267,1692286076035554440,,panda_joint1,panda_joint2,panda_joint3,panda_joint4,panda_joint5,panda_joint6,panda_joint7,-0.17234666851979463,-0.4520512991443381,0.01986053329781536,-1.955796065724226,-0.01454012030726149,1.510649762819391,0.7925738371105655,0.025568878861193557,0.0331819353609366,-0.0001197198255470863,0.03712877284748254,0.0006936217736784949,0.005242017984449853,0.006594046036410372,0.17125296592712402,-12.715204238891602,-0.5218000411987305,21.64365005493164,0.8556051254272461,2.1210567951202393,-0.12470187991857529
1692286076070724446,268,1692286076069513013,,panda_joint1,panda_joint2,panda_joint3,panda_joint4,panda_joint5,panda_joint6,panda_joint7,-0.17164005588571377,-0.4509061103971936,0.019765251176743645,-1.9546491426344088,-0.014451741226032896,1.5109191890378129,0.7925648539693806,0.02184211705767228,0.03597153588166189,-0.0058710226234061705,0.030919229978559705,0.0008117961360652525,0.013037266282245063,0.0037213298578347457,0.21092581748962402,-12.679498672485352,-0.5575056076049805,21.64365005493164,0.8739156723022461,2.1073238849639893,-0.07251682132482529
1692286076104335005,269,1692286076103559960,,panda_joint1,panda_joint2,panda_joint3,panda_joint4,panda_joint5,panda_joint6,panda_joint7,-0.1709565047677564,-0.44971961089603363,0.019681654063336385,-1.953516586589779,-0.014336205412975136,1.5111645668116973,0.7925672249686385,0.016438555407770367,0.03653827788910817,-0.003075405402294945,0.03517670478890582,-4.319145369058232e-06,0.0004564039244007971,-0.0012614319245141561,0.286304235458374,-12.715204238891602,-0.5218000411987305,21.72299575805664,0.8739156723022461,2.1146481037139893,-0.06519260257482529
1692286076139090249,270,1692286076137713798,,panda_joint1,panda_joint2,panda_joint3,panda_joint4,panda_joint5,panda_joint6,panda_joint7,-0.17029348432491148,-0.4484924601370385,0.019604980594711715,-1.9523934671354353,-0.014237095493353438,1.5114405462242413,0.7925733570953237,0.013302172530909585,0.03252546595104708,-0.0031229913048004968,0.030974021720390474,0.003722511288001797,0.008031049264923285,0.0012685453120188897,0.24663138389587402,-12.897699356079102,-0.5218000411987305,21.72299575805664,0.8739156723022461,2.0935909748077393,-0.13111057877540588
1692286076172623199,271,1692286076171553607,,panda_joint1,panda_joint2,panda_joint3,panda_joint4,panda_joint5,panda_joint6,panda_joint7,-0.169608205242289,-0.4472455091911315,0.019482118901459247,-1.9512455964761122,-0.014133682549970076,1.511697316977239,0.7925701750011905,0.018456836127396528,0.0366019015093718,-0.0030572719717876936,0.036295707168806125,0.0009826532167123046,0.01386046005398297,-0.0008327947300553378,0.286304235458374,-13.044488906860352,-0.48609447479248047,21.79837417602539,0.8739156723022461,2.1073238849639893,-0.09174289554357529
1692286076206148435,272,1692286076205530241,,panda_joint1,panda_joint2,panda_joint3,panda_joint4,panda_joint5,panda_joint6,panda_joint7,-0.16894056573524588,-0.44599845454256687,0.019394329202374785,-1.9500402119284483,-0.014037890431082124,1.5119533075971079,0.7925738371105656,0.020106222306040734,0.02928852623730657,0.0009068366133624591,0.0378471172194245,0.007432816303458251,0.0070036807211656,0.0004667812698537697,0.24663138389587402,-13.084161758422852,-0.5575056076049805,21.68332290649414,0.8739156723022461,2.1210567951202393,-0.12470187991857529
1692286076240690248,273,1692286076239507726,,panda_joint1,panda_joint2,panda_joint3,panda_joint4,panda_joint5,panda_joint6,panda_joint7,-0.16827831118512177,-0.44478477424759955,0.019281616547675663,-1.9488260848689818,-0.013918989636505787,1.5122264523860784,0.7925723175962203,0.01377003470705727,0.03518478465154917,-0.0025115239687519934,0.038591544565516105,7.123809768481514e-05,0.013098055509088947,-0.00024252415032875434,0.286304235458374,-13.084161758422852,-0.5575056076049805,21.68332290649414,0.8739156723022461,2.1073238849639893,-0.09815158694982529
1692286076274671228,274,1692286076273555985,,panda_joint1,panda_joint2,panda_joint3,panda_joint4,panda_joint5,panda_joint6,panda_joint7,-0.16760827819733995,-0.44358842950804406,0.01915185677381353,-1.9476077699289318,-0.013822173780153378,1.512527615683348,0.7925738371105406,0.024944120597556012,0.03588216776046625,-9.864823635130876e-05,0.035333123510931416,0.0006940923225834036,0.012431387803828594,0.0005720468123112345,0.24663138389587402,-13.230951309204102,-0.5218000411987305,21.72299575805664,0.8739156723022461,2.1283810138702393,-0.12470187991857529
1692286076308623283,275,1692286076307541712,,panda_joint1,panda_joint2,panda_joint3,panda_joint4,panda_joint5,panda_joint6,panda_joint7,-0.16694917638051376,-0.44242110488036585,0.019062085396913005,-1.946384538974231,-0.013721248950415162,1.5128100014845314,0.7925738371112385,0.01976214097261106,0.030057064809893563,-0.004068073966982338,0.03938186373675123,0.0058604890295496795,0.01041603037816573,0.00043639047883359803,0.286304235458374,-13.155572891235352,-0.5575056076049805,21.68332290649414,0.8620138168334961,2.1073238849639893,-0.12470187991857529
1692286076342453364,276,1692286076341597133,,panda_joint1,panda_joint2,panda_joint3,panda_joint4,panda_joint5,panda_joint6,panda_joint7,-0.16629223098397916,-0.4412575934674999,0.018969795768971915,-1.9451361041925854,-0.013623654041350184,1.5130652013564365,0.7925701749466825,0.019739892798502665,0.03314128970564501,-0.0045569046677619305,0.037204413799854945,0.008248094579844188,0.004422085358800806,-0.0009003713478499855,0.17125296592712402,-13.155572891235352,-0.48609447479248047,21.68332290649414,0.8556051254272461,2.1210567951202393,-0.09174289554357529
1692286076376163691,277,1692286076375622683,,panda_joint1,panda_joint2,panda_joint3,panda_joint4,panda_joint5,panda_joint6,panda_joint7,-0.16568075963808096,-0.44011627142644166,0.018862085127953964,-1.943891950566436,-0.013515953847468162,1.51333464189313,0.7925719599555631,0.014503111891294537,0.03666015060477454,-0.0010572342523633579,0.03959922380748588,-0.00023042272532432565,0.004747186861784488,0.009185015750938406,0.322009801864624,-13.266656875610352,-0.48609447479248047,21.64365005493164,0.8803243637084961,2.1567623615264893,-0.09815158694982529
1692286076410334153,278,1692286076409267556,,panda_joint1,panda_joint2,panda_joint3,panda_joint4,panda_joint5,panda_joint6,panda_joint7,-0.1650739767359409,-0.43907129615069057,0.018734718377595307,-1.9427525844582672,-0.013438540551127578,1.5136306388029876,0.7925701748376662,0.021514996418725726,0.03128016947340017,-0.007798014867807566,0.03385293601466264,-0.00013988300441151352,0.0053536648616212094,-0.0007153317203163549,0.21092581748962402,-13.230951309204102,-0.5218000411987305,21.68332290649414,0.8739156723022461,2.1283810138702393,-0.09174289554357529
1692286076445551006,279,1692286076444789649,,panda_joint1,panda_joint2,panda_joint3,panda_joint4,panda_joint5,panda_joint6,panda_joint7,-0.16447810210278013,-0.43800693068138774,0.01861003102757864,-1.9416142054411838,-0.013323413973310608,1.513910806054267,0.792571599148755,0.020433983314138572,0.028947041157743637,-0.00867612603465289,0.031965869752712726,0.0014879864008453673,0.003530335577869917,-0.00023867856390155455,0.24663138389587402,-13.191278457641602,-0.48609447479248047,21.52859878540039,0.8620138168334961,2.0935909748077393,-0.10456027835607529
1692286076479344722,280,1692286076478627668,,panda_joint1,panda_joint2,panda_joint3,panda_joint4,panda_joint5,panda_joint6,panda_joint7,-0.16384499932315985,-0.43686218640790325,0.018487535768549276,-1.940473525643267,-0.013233138311625049,1.5141880230618907,0.7925702942098073,0.017756463510481817,0.029751115575279097,-0.004875824928957483,0.029004046213290988,0.0025306576678499025,0.0013059520712954999,-0.01033484768391996,0.322009801864624,-13.155572891235352,-0.5218000411987305,21.60794448852539,0.8803243637084961,2.1210567951202393,-0.09174289554357529
1692286076513516492,281,1692286076512571227,,panda_joint1,panda_joint2,panda_joint3,panda_joint4,panda_joint5,panda_joint6,panda_joint7,-0.163240945272446,-0.4357500620383979,0.018348020058477042,-1.9394040493217801,-0.01313920218968553,1.5144865207439566,0.7925759689246845,0.017036428976096734,0.037153193747662946,-0.0012460714269185108,0.03313751805552659,0.005388660474099499,0.012888660701735062,0.0015231162112308366,0.286304235458374,-13.266656875610352,-0.44642162322998047,21.52859878540039,0.8739156723022461,2.0999996662139893,-0.14392796158790588
1692286076547278600,282,1692286076546546972,,panda_joint1,panda_joint2,panda_joint3,panda_joint4,panda_joint5,panda_joint6,panda_joint7,-0.1626223450647196,-0.4345908758802535,0.01824145022445649,-1.9383589493151103,-0.01304894310019099,1.5147661825745522,0.7925714799455468,0.016351349997606745,0.03470379079844206,-0.0026813973115835756,0.031174275127226446,0.0006018548513079106,0.00604337598026234,-0.0001616587379410613,0.24663138389587402,-13.377740859985352,-0.44642162322998047,21.68332290649414,0.8620138168334961,2.1283810138702393,-0.10456027835607529
1692286076581111462,283,1692286076580578961,,panda_joint1,panda_joint2,panda_joint3,panda_joint4,panda_joint5,panda_joint6,panda_joint7,-0.1620446548175937,-0.43342144570031294,0.018168234156186822,-1.9372543414956083,-0.012963840371823174,1.5150487009630766,0.7925694614526481,0.010735331405584381,0.0322459992536675,-0.0009225953637074685,0.03376607742779603,0.009178417546175587,0.008456561176039106,-0.0010574546194254695,0.322009801864624,-13.488824844360352,-0.48609447479248047,21.60794448852539,0.8620138168334961,2.1357052326202393,-0.08533420413732529
1692286076615295308,284,1692286076614602778,,panda_joint1,panda_joint2,panda_joint3,panda_joint4,panda_joint5,panda_joint6,panda_joint7,-0.16144841927366774,-0.4322496524799932,0.018058185822929392,-1.9361085971296421,-0.012863294997677292,1.51533026622405,0.7925745491875436,0.020950976952790513,0.030915895297394243,-0.000643901359949694,0.03601736113691521,0.0025974300332100198,0.01513158297095453,0.010087730171313494,0.24663138389587402,-13.595941543579102,-0.48609447479248047,21.68332290649414,0.8739156723022461,2.1567623615264893,-0.13111057877540588
1692286076649459137,285,1692286076648529059,,panda_joint1,panda_joint2,panda_joint3,panda_joint4,panda_joint5,panda_joint6,panda_joint7,-0.1608178672659335,-0.43113706734277546,0.01792507650211467,-1.9349682923307003,-0.012781094586362035,1.515639403176641,0.7925701750005176,0.018415674064892258,0.030724341817283993,-0.004927410796752357,0.03475750645558617,0.0011295985345890838,0.005030380324714093,-0.0012149265393987235,0.24663138389587402,-13.449151992797852,-0.5218000411987305,21.60794448852539,0.8675069808959961,2.1357052326202393,-0.09174289554357529
1692286076683434806,286,1692286076682579918,,panda_joint1,panda_joint2,panda_joint3,panda_joint4,panda_joint5,panda_joint6,panda_joint7,-0.16020929492245325,-0.43005689471948516,0.017783192412139322,-1.933843383955577,-0.012697429187065528,1.5159453389044237,0.7925680274548248,0.016924802421270143,0.029359948344330353,-0.0030969693219287464,0.03520885541957888,-0.00015703965788845537,0.013579254306706548,5.9357042624068515e-05,0.24663138389587402,-13.524530410766602,-0.44642162322998047,21.64365005493164,0.8803243637084961,2.1283810138702393,-0.10456027835607529
1692286076717228047,287,1692286076716637486,,panda_joint1,panda_joint2,panda_joint3,panda_joint4,panda_joint5,panda_joint6,panda_joint7,-0.15960209783969634,-0.4289714321757986,0.017660817945849994,-1.9326677699756574,-0.012614732487808216,1.5162504326688142,0.79257312503374,0.01979878019400634,0.03469667429829336,-0.003628133739344365,0.03599328275711489,0.005814176028193448,0.01571588469373688,2.304349292624026e-05,0.24663138389587402,-13.671319961547852,-0.44642162322998047,21.64365005493164,0.8803243637084961,2.0999996662139893,-0.11829318851232529
1692286076751196409,288,1692286076750548158,,panda_joint1,panda_joint2,panda_joint3,panda_joint4,panda_joint5,panda_joint6,panda_joint7,-0.1589977313202868,-0.42791642332468255,0.01756573111395597,-1.931508899579085,-0.012523471564864797,1.5165531722891943,0.7925694629243677,0.014012947149216115,0.028840886328040403,-0.003961662182410893,0.037190688247524646,-8.5832835140525e-05,0.01147800234062826,-0.0049633668467295,0.24663138389587402,-13.560235977172852,-0.48609447479248047,21.72299575805664,0.8675069808959961,2.1430294513702393,-0.08533420413732529
1692286076785748766,289,1692286076784525682,,panda_joint1,panda_joint2,panda_joint3,panda_joint4,panda_joint5,panda_joint6,panda_joint7,-0.15839046210763116,-0.4268774080132479,0.017459508813764475,-1.9304188548734946,-0.012435868731505243,1.5168455603822055,0.7925731250882508,0.016179634731231733,0.02926153504648468,-0.0016350793927464825,0.03654455209631359,0.0021135291464808746,0.012182522219518682,-3.127957621396524e-05,0.21092581748962402,-13.560235977172852,-0.44642162322998047,21.64365005493164,0.8556051254272461,2.1283810138702393,-0.11829318851232529
1692286076819332270,290,1692286076818523214,,panda_joint1,panda_joint2,panda_joint3,panda_joint4,panda_joint5,panda_joint6,panda_joint7,-0.1578318330653476,-0.4258567907318408,0.017381757856023843,-1.9293868265878906,-0.012353265652165239,1.5171547358244422,0.7925680387707219,0.017012427119792613,0.03592128935845217,-0.0020807112800338094,0.03462902463522192,0.0008776284071565862,0.007179247991852414,-0.0018814522250728094,0.17125296592712402,-13.635614395141602,-0.5218000411987305,21.60794448852539,0.8556051254272461,2.1210567951202393,-0.07251682132482529
1692286076853773855,291,1692286076852512338,,panda_joint1,panda_joint2,panda_joint3,panda_joint4,panda_joint5,panda_joint6,panda_joint7,-0.1572942168781756,-0.4248472500607417,0.01728779579669337,-1.9283797794841704,-0.012275941913480061,1.5174609382901578,0.7925738326927152,0.010281985505616615,0.028180742534848164,-0.004816549433873217,0.02944695578900028,0.00581689319505791,0.0073090975685908026,-0.004396574384186975,0.21092581748962402,-13.707025527954102,-0.6328840255737305,21.64365005493164,0.8556051254272461,2.0935909748077393,-0.12470187991857529
1692286076887359297,292,1692286076886569479,,panda_joint1,panda_joint2,panda_joint3,panda_joint4,panda_joint5,panda_joint6,panda_joint7,-0.15673422226702347,-0.423833599103051,0.017143559811830283,-1.9273872333965418,-0.01219768164469288,1.5177354094802396,0.7925687508657142,0.013313738769910016,0.028934100556716424,-0.003242133989006989,0.03291532725996458,0.010891570000064084,0.007334070088873669,-0.0010809525068655903,0.24663138389587402,-13.671319961547852,-0.44642162322998047,21.72299575805664,0.8803243637084961,2.1640865802764893,-0.07892551273107529
1692286076921396570,293,1692286076920557698,,panda_joint1,panda_joint2,panda_joint3,panda_joint4,panda_joint5,panda_joint6,panda_joint7,-0.15619350086365608,-0.4228069956847736,0.017010700941146654,-1.9263812280502677,-0.012105788897355762,1.5180168245120373,0.7925759689267033,0.019039721071915188,0.03164968399396613,-0.002509767740942712,0.03197652026939273,0.0005884244747585562,0.0007737452654502058,0.0010980782295966448,0.286304235458374,-13.742731094360352,-0.48609447479248047,21.76266860961914,0.8620138168334961,2.1430294513702393,-0.14392796158790588
1692286076955162896,294,1692286076954557496,,panda_joint1,panda_joint2,panda_joint3,panda_joint4,panda_joint5,panda_joint6,panda_joint7,-0.1556540489378251,-0.42176976181185155,0.016884288450519636,-1.9253825940595442,-0.01201084627840482,1.5183404776058882,0.792573384115041,0.009945459558118224,0.027598655446307845,-0.004347010562056326,0.029512763052004915,-9.521371842602985e-05,0.01831966813252007,0.009408349425530258,0.24663138389587402,-13.671319961547852,-0.48609447479248047,21.64365005493164,0.8803243637084961,2.1146481037139893,-0.11096896976232529
1692286076989134086,295,1692286076988551442,,panda_joint1,panda_joint2,panda_joint3,panda_joint4,panda_joint5,panda_joint6,panda_joint7,-0.15511651980645255,-0.4206868169576669,0.0167590427270822,-1.9243616025468073,-0.01193860152386845,1.518647236802012,0.7925730853154813,0.012195735701818278,0.03259811596260713,-0.005206353496404577,0.02564218427519267,0.00032955030353520886,0.009910700148484154,0.0007672566202006816,0.286304235458374,-13.889520645141602,-0.44642162322998047,21.79837417602539,0.8675069808959961,2.1283810138702393,-0.11829318851232529
1692286077023444328,296,1692286077022550899,,panda_joint1,panda_joint2,panda_joint3,panda_joint4,panda_joint5,panda_joint6,panda_joint7,-0.15456542889831817,-0.41961024270892616,0.016640025081919044,-1.9233267437967967,-0.011858181420437415,1.5189742165713822,0.7925694519152318,0.01442144448386067,0.033658446588405104,-0.003350365599854235,0.030276861389664112,0.00013669070868820515,0.00920741318395626,-0.0003481598466731024,0.24663138389587402,-13.929193496704102,-0.41071605682373047,21.76266860961914,0.8739156723022461,2.1357052326202393,-0.10456027835607529
1692286077057498313,297,1692286077056609927,,panda_joint1,panda_joint2,panda_joint3,panda_joint4,panda_joint5,panda_joint6,panda_joint7,-0.1540084842988611,-0.4185648287774415,0.016526757713501424,-1.9222809094499995,-0.011773750046564366,1.519289158155261,0.7925691084754134,0.018381757055328386,0.033761333151055214,-0.0008415584480295314,0.0325546367476387,0.00506214897059358,0.0084886053370242,0.002218043919857287,0.17125296592712402,-13.853815078735352,-0.44642162322998047,21.60794448852539,0.8620138168334961,2.1494381427764893,-0.07892551273107529
1692286077091169634,298,1692286077090583708,,panda_joint1,panda_joint2,panda_joint3,panda_joint4,panda_joint5,panda_joint6,panda_joint7,-0.15349744359133854,-0.4175221599354511,0.016417399911893827,-1.9212468435521284,-0.01169430516945797,1.5196153177408722,0.7925719219332122,0.017148007472125915,0.02857134370791535,-0.005751182003096135,0.033829123057827544,0.0034176519949914745,0.018813224610319073,0.0009485179362039896,0.21092581748962402,-14.036310195922852,-0.5218000411987305,21.72299575805664,0.8803243637084961,2.1073238849639893,-0.13751927018165588
1692286077125435193,299,1692286077124525291,,panda_joint1,panda_joint2,panda_joint3,panda_joint4,panda_joint5,panda_joint6,panda_joint7,-0.15301062316459055,-0.41652756982253797,0.016300214362268698,-1.9201662679376323,-0.01161190243917355,1.5199233275154782,0.7925745491884157,0.013858678988658703,0.025810924563897362,-0.004746379312705315,0.030945659479257783,0.0003477708647498866,0.009810974729940011,0.0005850368658931315,0.21092581748962402,-14.036310195922852,-0.41071605682373047,21.72299575805664,0.8620138168334961,2.1357052326202393,-0.13111057877540588
1692286077159437412,300,1692286077158552551,,panda_joint1,panda_joint2,panda_joint3,panda_joint4,panda_joint5,panda_joint6,panda_joint7,-0.15251348166138567,-0.4155396627522348,0.016184825289358187,-1.9190686356330233,-0.011554973851202991,1.5202389272321697,0.7925738371105655,0.01302472150440296,0.02556268738110705,-0.0031331582375966676,0.029308479178078772,0.003269311532352565,0.010118865217981495,-0.009498463429450835,0.17125296592712402,-14.000604629516602,-0.44642162322998047,21.64365005493164,0.8675069808959961,2.1430294513702393,-0.12470187991857529
1692286077193207072,301,1692286077192540355,,panda_joint1,panda_joint2,panda_joint3,panda_joint4,panda_joint5,panda_joint6,panda_joint7,-0.15201979938963953,-0.41457436737409387,0.016048602436877286,-1.9179755032139891,-0.011454493144479473,1.5205497037932836,0.7925687096393954,0.008136561285405408,0.03103484263640087,-0.0023595312551445515,0.03341073433285797,0.0011814397974870237,0.0030123890030788443,-0.0006850850464200057,0.24663138389587402,-14.036310195922852,-0.44642162322998047,21.56827163696289,0.8675069808959961,2.1210567951202393,-0.07892551273107529
1692286077227236438,302,1692286077226575041,,panda_joint1,panda_joint2,panda_joint3,panda_joint4,panda_joint5,panda_joint6,panda_joint7,-0.1515402349989282,-0.4136465562044064,0.015936574832088737,-1.9169615491087344,-0.011390878006302906,1.5208605977461767,0.7925708870773409,0.005818559287467308,0.0249988607978066,-0.0013738631883172636,0.030772504773040096,0.008054297383504163,0.007978075585104747,0.0008758565740274493,0.286304235458374,-13.964899063110352,-0.37501049041748047,21.60794448852539,0.8675069808959961,2.1567623615264893,-0.09815158694982529
1692286077261653171,303,1692286077260570457,,panda_joint1,panda_joint2,panda_joint3,panda_joint4,panda_joint5,panda_joint6,panda_joint7,-0.15103887643055855,-0.41271065828746273,0.015834676102632266,-1.9160060092001299,-0.011320932797814638,1.5211734298563484,0.7925781094027501,0.010422505056440153,0.029597434946028164,-0.0008303603778903692,0.02763894506224625,-0.0003681062309344074,0.0014927481050962179,0.0090515249333202,0.286304235458374,-14.147394180297852,-0.5218000411987305,21.64365005493164,0.8739156723022461,2.1357052326202393,-0.16315403580665588
1692286077295088413,304,1692286077294516003,,panda_joint1,panda_joint2,panda_joint3,panda_joint4,panda_joint5,panda_joint6,panda_joint7,-0.1505393007687828,-0.4117834977729093,0.015723331008701134,-1.9150748253112801,-0.011227287622398628,1.5214926660391448,0.7925715991547533,0.012286349809701683,0.030823960078649498,-0.0006459906776032131,0.028384294985862396,0.006914604069268198,0.015542872224456593,-0.009864694525095771,0.286304235458374,-14.147394180297852,-0.44642162322998047,21.60794448852539,0.8620138168334961,2.1210567951202393,-0.10456027835607529
1692286077329675464,305,1692286077328591452,,panda_joint1,panda_joint2,panda_joint3,panda_joint4,panda_joint5,panda_joint6,panda_joint7,-0.1500311511519235,-0.41084465970722855,0.015626700314657373,-1.914167351247716,-0.011165086202953011,1.5217805311597903,0.7925698141944075,0.01855965491403228,0.030527308343012607,-0.0021973829099770303,0.02120727653565033,0.0022956519470989376,0.002623532517629786,-0.0009956403842508164,0.322009801864624,-14.187067031860352,-0.37501049041748047,21.64365005493164,0.8675069808959961,2.1283810138702393,-0.09815158694982529
1692286077363113758,306,1692286077362493832,,panda_joint1,panda_joint2,panda_joint3,panda_joint4,panda_joint5,panda_joint6,panda_joint7,-0.14951443229814668,-0.4099107725281225,0.015536707146712373,-1.9132721519901967,-0.011078144447267482,1.5220941907572267,0.7925694630878923,0.00880044161241295,0.0245328873474352,0.001631085045914184,0.024915786913234157,0.0024408187991971993,0.016700996666302457,-0.0008074128101366874,0.24663138389587402,-14.147394180297852,-0.5218000411987305,21.60794448852539,0.8556051254272461,2.1567623615264893,-0.08533420413732529
1692286077397477994,307,1692286077396587820,,panda_joint1,panda_joint2,panda_joint3,panda_joint4,panda_joint5,panda_joint6,panda_joint7,-0.1490403742808712,-0.4089540879827277,0.015429733019000259,-1.9123872797179557,-0.010999944569857529,1.5224132859100956,0.7925669578220923,0.012762693789044311,0.028873449597794858,-0.003083440410175921,0.02784272663113245,0.004010252261401485,0.018376639018068797,-0.0013187356888791951,0.21092581748962402,-14.258478164672852,-0.48609447479248047,21.64365005493164,0.8437032699584961,2.1430294513702393,-0.09174289554357529
1692286077435958125,308,1692286077430539499,,panda_joint1,panda_joint2,panda_joint3,panda_joint4,panda_joint5,panda_joint6,panda_joint7,-0.1485675054992552,-0.407977074977642,0.01532168591847166,-1.9114381723522007,-0.010922326334268656,1.5227324089792416,0.7925715859073382,0.02029457627300335,0.027540876195333415,-0.003272897229413413,0.026426758573799145,8.499733952245779e-06,0.013486199719515117,-0.0038594416441077757,0.21092581748962402,-14.333856582641602,-0.44642162322998047,21.60794448852539,0.8675069808959961,2.1357052326202393,-0.10456027835607529
1692286077465684988,309,1692286077464511761,,panda_joint1,panda_joint2,panda_joint3,panda_joint4,panda_joint5,panda_joint6,panda_joint7,-0.14809901964799826,-0.40702574906247013,0.015195490748519528,-1.9104678330440077,-0.010849867499171578,1.5230552866774738,0.7925766810035263,0.013294450113238224,0.0232845154744114,-0.004013811496469275,0.030672779515107888,0.0008591649250719374,0.009729226008194038,0.0007975966006966243,0.24663138389587402,-14.187067031860352,-0.41071605682373047,21.60794448852539,0.8620138168334961,2.1640865802764893,-0.15033665299415588
1692286077499451098,310,1692286077498611777,,panda_joint1,panda_joint2,panda_joint3,panda_joint4,panda_joint5,panda_joint6,panda_joint7,-0.14760806585808955,-0.4060573486127668,0.01508150258492465,-1.9094958071584653,-0.01077590993557066,1.5233769804299606,0.7925759728331196,0.012615183763660732,0.025671888504216974,-0.0014720017682143154,0.030021681456481906,0.006374204678550594,0.01084353937153773,0.0012299817980650218,0.24663138389587402,-14.405267715454102,-0.41071605682373047,21.60794448852539,0.8675069808959961,2.1494381427764893,-0.14392796158790588
1692286077533481421,311,1692286077532546388,,panda_joint1,panda_joint2,panda_joint3,panda_joint4,panda_joint5,panda_joint6,panda_joint7,-0.14714241234811976,-0.4051056025544539,0.014978093718801965,-1.9085479476200364,-0.010698460088745894,1.5236979920413094,0.7925715991548363,0.012867380033904403,0.02840425401123963,-0.0032030157542098283,0.02955595823248117,0.004412281019121309,0.013573076054556921,-0.00010077501124827794,0.24663138389587402,-14.405267715454102,-0.41071605682373047,21.68332290649414,0.8803243637084961,2.1494381427764893,-0.10456027835607529
1692286077567338590,312,1692286077566530399,,panda_joint1,panda_joint2,panda_joint3,panda_joint4,panda_joint5,panda_joint6,panda_joint7,-0.14666350441985598,-0.40419195036362787,0.014868257279327612,-1.907585208520794,-0.010621243230772957,1.524000515471871,0.7925701750011905,0.008232289805218172,0.024219328194265168,-0.003904067345358702,0.03273798153130201,0.0024320134685383854,0.00934630676027025,-0.0012710048717130564,0.21092581748962402,-14.369562149047852,-0.41071605682373047,21.60794448852539,0.8437032699584961,2.1704952716827393,-0.09174289554357529
1692286077601435332,313,1692286077600501349,,panda_joint1,panda_joint2,panda_joint3,panda_joint4,panda_joint5,panda_joint6,panda_joint7,-0.14619040943149184,-0.40328211478071724,0.014775099416081308,-1.9065784252213527,-0.010547859513722009,1.5242950791289678,0.7925732442430324,0.012235173694016324,0.03302588436194247,-0.0005273738342120789,0.027277299217111448,0.002603228803652036,0.007327577290788058,-0.0024203581474815613,0.286304235458374,-14.516351699829102,-0.41071605682373047,21.68332290649414,0.8620138168334961,2.1704952716827393,-0.11829318851232529
1692286077635588470,314,1692286077634571015,,panda_joint1,panda_joint2,panda_joint3,panda_joint4,panda_joint5,panda_joint6,panda_joint7,-0.14570468807246753,-0.4024002747016902,0.014650066799793351,-1.90558396640025,-0.010486335081044828,1.5246227752419197,0.7925708870753219,0.015556985492254403,0.0251009714650963,-0.004148782595447695,0.026617653061996576,0.0024668183193174956,0.013600674972378272,-0.00030248117292465035,0.21092581748962402,-14.405267715454102,-0.41071605682373047,21.64365005493164,0.8803243637084961,2.1640865802764893,-0.09815158694982529
1692286077669479065,315,1692286077668706460,,panda_joint1,panda_joint2,panda_joint3,panda_joint4,panda_joint5,panda_joint6,panda_joint7,-0.14524023184278864,-0.40153229407591623,0.0145045248587014,-1.9046405481632542,-0.010399158020939858,1.5249392646547197,0.7925745496707135,0.014702861491926376,0.024171763532636628,-0.0019067580461945481,0.029199789271747358,0.0014809342240765038,0.007822621151326248,0.00031491837162883136,0.286304235458374,-14.405267715454102,-0.41071605682373047,21.60794448852539,0.8620138168334961,2.1640865802764893,-0.13111057877540588
1692286077703663288,316,1692286077702586768,,panda_joint1,panda_joint2,panda_joint3,panda_joint4,panda_joint5,panda_joint6,panda_joint7,-0.144800227976894,-0.40069348012694933,0.014375603380537437,-1.9037743327758805,-0.010331650293357914,1.5252646560064624,0.7925694629243677,0.008880552463604004,0.021952491182795714,-0.005522690731258699,0.019891481544729313,0.005804906145903293,0.00923956642140946,-0.002063383823549024,0.21092581748962402,-14.405267715454102,-0.48609447479248047,21.72299575805664,0.8675069808959961,2.1778194904327393,-0.08533420413732529
1692286077737489541,317,1692286077736532767,,panda_joint1,panda_joint2,panda_joint3,panda_joint4,panda_joint5,panda_joint6,panda_joint7,-0.14438469660301603,-0.39985340870793273,0.014251131128705047,-1.9029286382564627,-0.010269155080284996,1.525589869327134,0.7925708875685868,0.012432673017773841,0.019239426024903535,-0.0037288553135076466,0.027571133631177615,-0.00011594112090572435,0.007307167182686382,-0.000631312409589402,0.286304235458374,-14.480646133422852,-0.44642162322998047,21.64365005493164,0.8675069808959961,2.1704952716827393,-0.09815158694982529
1692286077771560164,318,1692286077770516662,,panda_joint1,panda_joint2,panda_joint3,panda_joint4,panda_joint5,panda_joint6,panda_joint7,-0.14395822817561338,-0.3990074068890875,0.01411851531569147,-1.9021131421604598,-0.010203984878141397,1.5259219167159936,0.7925759733418622,0.015665813679117305,0.023115019480624967,-0.0017384596529310971,0.028231722337060977,-6.429521975708985e-05,0.003710575590339121,0.0010465295343022893,0.24663138389587402,-14.480646133422852,-0.41071605682373047,21.72299575805664,0.8739156723022461,2.1640865802764893,-0.14392796158790588
1692286077805248617,319,1692286077804548174,,panda_joint1,panda_joint2,panda_joint3,panda_joint4,panda_joint5,panda_joint6,panda_joint7,-0.14352652604643434,-0.39817072413227433,0.013984002292105453,-1.9012897895399996,-0.010125699528670219,1.5262373810616392,0.7925738238650861,0.010628204544221823,0.022133551152151563,-0.0022407481150436377,0.02615219072702364,-8.299421508408127e-05,0.011881264498052648,-0.0003945324024962317,0.322009801864624,-14.516351699829102,-0.33533763885498047,21.68332290649414,0.8739156723022461,2.1704952716827393,-0.12470187991857529
1692286077839404954,320,1692286077838562057,,panda_joint1,panda_joint2,panda_joint3,panda_joint4,panda_joint5,panda_joint6,panda_joint7,-0.14308731541373584,-0.3973266521150298,0.013875025969278233,-1.9004680452404459,-0.010058730982213847,1.5265684016554502,0.7925741788446818,0.01607991015315506,0.022072114924644108,0.000300845875886391,0.024335426210100094,0.00020539850729205477,0.010402434585665123,-0.006360112160986741,0.21092581748962402,-14.480646133422852,-0.44642162322998047,21.68332290649414,0.8620138168334961,2.1704952716827393,-0.15674534440040588
1692286077873218851,321,1692286077872546946,,panda_joint1,panda_joint2,panda_joint3,panda_joint4,panda_joint5,panda_joint6,panda_joint7,-0.14234524672620574,-0.3963798217750616,0.013142012399501598,-1.8982054877741024,-0.009013538244594069,1.5262866195030362,0.7925766854189095,0.026540558053653494,0.03673853672687203,-0.019095635397952976,0.07948476723686257,0.0422649071686512,-0.01303439675810025,0.0023931042352528823,0.024463415145874023,-15.432794570922852,-0.6328840255737305,21.87771987915039,0.8556051254272461,2.0084469318389893,-0.15033665299415588
1692286077907402709,322,1692286077906541419,,panda_joint1,panda_joint2,panda_joint3,panda_joint4,panda_joint5,panda_joint6,panda_joint7,-0.14157300525614044,-0.3953896682972773,0.012218014978032044,-1.8952745817472627,-0.007734249181057618,1.5255634569463898,0.7925738372743143,0.01912898485284674,0.03163655693985852,-0.026092609182386612,0.08076430879252659,0.03658446797553206,-0.021864418898532422,-0.00019068695274833094,0.397388219833374,-14.809930801391602,-0.44642162322998047,21.87771987915039,0.9883565902709961,1.9242185354232788,-0.12470187991857529
1692286077941619443,323,1692286077940531499,,panda_joint1,panda_joint2,panda_joint3,panda_joint4,panda_joint5,panda_joint6,panda_joint7,-0.14072710517082734,-0.3945549461260559,0.011344891796067593,-1.8923794063458925,-0.006393733461834788,1.5247894456077562,0.7925766854186842,0.02203451021194638,0.023833860552324036,-0.03156258574716808,0.09335504368642074,0.042648782392692625,-0.022517768913871722,-0.0012755601805276653,0.21092581748962402,-14.587762832641602,-0.26392650604248047,21.45322036743164,0.8803243637084961,1.9168943166732788,-0.15033665299415588
1692286077975511554,324,1692286077974501054,,panda_joint1,panda_joint2,panda_joint3,panda_joint4,panda_joint5,panda_joint6,panda_joint7,-0.14001417130657332,-0.39371360418814244,0.010478724386915874,-1.8894825631081265,-0.005206574014229953,1.524131307432377,0.7925737417371025,0.0275927519707227,0.019340364185048628,-0.02730599563265014,0.08177270902849011,0.0362585350051214,-0.014226886498271956,-0.0005724477585997111,0.21092581748962402,-14.258478164672852,-0.22425365447998047,21.33420181274414,0.8739156723022461,1.9736570119857788,-0.11096896976232529
1692286078009182449,325,1692286078008564685,,panda_joint1,panda_joint2,panda_joint3,panda_joint4,panda_joint5,panda_joint6,panda_joint7,-0.13930692756062815,-0.3928468501299463,0.00960744097677799,-1.8867194806364422,-0.003976339092826004,1.5235501054506426,0.7925694629243649,0.02038883393271234,0.02144598600969862,-0.02373750879219031,0.0791801405901418,0.03785447830809617,-0.022675542171413387,-0.0006195038792147523,0.24663138389587402,-14.440973281860352,-0.33533763885498047,21.48892593383789,0.9279317855834961,1.9104856252670288,-0.08533420413732529
1692286078043653001,326,1692286078042494617,,panda_joint1,panda_joint2,panda_joint3,panda_joint4,panda_joint5,panda_joint6,panda_joint7,-0.1385593696274844,-0.3918836436232958,0.008751569350798459,-1.8840499104820725,-0.002698163494973256,1.5228355671022606,0.7925675138966352,0.022511302220952538,0.026360752449211624,-0.025358219277978024,0.07550844312540969,0.03893463296044725,-0.023339127377808796,-0.001687919138768098,0.21092581748962402,-14.734552383422852,-0.29963207244873047,21.83804702758789,0.9160299301147461,1.9590085744857788,-0.09815158694982529
1692286078077516937,327,1692286078076555733,,panda_joint1,panda_joint2,panda_joint3,panda_joint4,panda_joint5,panda_joint6,panda_joint7,-0.1378371279862148,-0.3909387140656818,0.00791131785060686,-1.881280402925156,-0.00154041603610463,1.5221588468361016,0.7925701789264492,0.018354787139455285,0.026556699304808726,-0.02464889230306691,0.08400007946976655,0.03201593484670945,-0.020873261723311866,-0.0012037120029540541,0.24663138389587402,-14.845636367797852,-0.29963207244873047,21.68332290649414,0.9279317855834961,1.9031614065170288,-0.09174289554357529
1692286078111483946,328,1692286078110490276,,panda_joint1,panda_joint2,panda_joint3,panda_joint4,panda_joint5,panda_joint6,panda_joint7,-0.13712337579783157,-0.38999031060107153,0.0070528302321827795,-1.8784000247204917,-0.0003298453164115707,1.5215345332546213,0.7925749228218273,0.020875300298333618,0.027790274947954524,-0.021735862983885534,0.0858524476176574,0.0423989636380399,-0.013375741172928304,0.002977699148845025,0.322009801864624,-14.956720352172852,-0.22425365447998047,21.56827163696289,0.9398336410522461,1.8674558401107788,-0.12470187991857529
1692286078145153471,329,1692286078144512550,,panda_joint1,panda_joint2,panda_joint3,panda_joint4,panda_joint5,panda_joint6,panda_joint7,-0.13640868177007773,-0.38904096353673784,0.006231122780453766,-1.8757164127199728,0.0008394671760594502,1.5209838874740889,0.792577397495508,0.01769874958859773,0.02662497484295435,-0.02044844063639419,0.07059308092974394,0.03219211286491702,-0.02075453465813518,0.004774373687168241,0.21092581748962402,-14.845636367797852,-0.18854808807373047,21.64365005493164,0.9224386215209961,1.9031614065170288,-0.15674534440040588
1692286078179622868,330,1692286078178533966,,panda_joint1,panda_joint2,panda_joint3,panda_joint4,panda_joint5,panda_joint6,panda_joint7,-0.1357428083936066,-0.38818872059913667,0.00545906562468814,-1.8730830076978788,0.0019639536675434255,1.520373670030555,0.7925731250337437,0.020527846005452037,0.02162506350022473,-0.018058912387071864,0.07544577385090802,0.02949581986488843,-0.01805119876650827,0.0004710929595922282,0.24663138389587402,-14.663141250610352,-0.22425365447998047,21.52859878540039,0.9279317855834961,1.9031614065170288,-0.11829318851232529
1692286078213298865,331,1692286078212507305,,panda_joint1,panda_joint2,panda_joint3,panda_joint4,panda_joint5,panda_joint6,panda_joint7,-0.13503520244234285,-0.38730991251528796,0.004679626171954676,-1.8703916933018478,0.0031146131220711132,1.5198106994812193,0.7925752465660124,0.02376897901900182,0.02842152180651721,-0.024261821249513402,0.08323328613165316,0.02654236652968282,-0.015149112365887688,0.0007940795298180483,0.21092581748962402,-14.921014785766602,-0.26392650604248047,21.68332290649414,0.9343404769897461,1.8958371877670288,-0.13751927018165588
1692286078247360139,332,1692286078246550745,,panda_joint1,panda_joint2,panda_joint3,panda_joint4,panda_joint5,panda_joint6,panda_joint7,-0.1343272866922242,-0.38641205053621086,0.003911202585146383,-1.8676413352965424,0.0041831603645189975,1.5192546068339516,0.7925766854186861,0.02098469770176509,0.02777768900373783,-0.020253847767746407,0.0813442932484869,0.027848279879987805,-0.018306954016333227,-0.007272301664088519,0.24663138389587402,-15.032098770141602,-0.18854808807373047,21.60794448852539,0.9645528793334961,1.8821042776107788,-0.15033665299415588
1692286078281292008,333,1692286078280527351,,panda_joint1,panda_joint2,panda_joint3,panda_joint4,panda_joint5,panda_joint6,panda_joint7,-0.13364051630781773,-0.3855356330096061,0.003125144270025678,-1.8648204137241013,0.005225597877000548,1.5187037411529927,0.7925703341104381,0.025091558370166443,0.027226005415067575,-0.02583226653931866,0.08108577192507545,0.03499637594927804,-0.01601686100065524,0.0022759360058750453,0.286304235458374,-14.921014785766602,-0.14887523651123047,21.48892593383789,0.9398336410522461,1.8747800588607788,-0.09174289554357529
1692286078315104415,334,1692286078314483368,,panda_joint1,panda_joint2,panda_joint3,panda_joint4,panda_joint5,panda_joint6,panda_joint7,-0.13298629179402874,-0.3846884151895472,0.002358328090831327,-1.8621175598406285,0.00635045209060634,1.5182248925385693,0.7925752614278898,0.017406354305473125,0.02409513106403453,-0.023734852151095408,0.0759582954448488,0.029193796430166053,-0.006867895434203073,0.0011784556204485945,0.286304235458374,-14.734552383422852,-0.11316967010498047,21.33420181274414,0.9526510238647461,1.8674558401107788,-0.13751927018165588
1692286078349683218,335,1692286078348587514,,panda_joint1,panda_joint2,panda_joint3,panda_joint4,panda_joint5,panda_joint6,panda_joint7,-0.13233586957316176,-0.38383449847033924,0.0016488546233705925,-1.8595829119843277,0.007445880019250511,1.5177590824603426,0.7925715993728772,0.01893746291042245,0.027725767995015537,-0.02284020358130743,0.06937053984893815,0.031240456372288925,-0.017120337802531086,0.00045122579480132353,0.24663138389587402,-14.698846817016602,-0.03779125213623047,21.56827163696289,0.9645528793334961,1.8747800588607788,-0.10456027835607529
1692286078383618881,336,1692286078382527622,,panda_joint1,panda_joint2,panda_joint3,panda_joint4,panda_joint5,panda_joint6,panda_joint7,-0.1316974631238403,-0.382908367853112,0.0009659932193820321,-1.856956200100224,0.00850112579406896,1.5172727289908716,0.7925759733418373,0.02088605989290474,0.029680996609904847,-0.020084321765865196,0.07785225115690286,0.03264304485130371,-0.017504226177346302,0.0008763179490876464,0.21092581748962402,-14.845636367797852,-0.14887523651123047,21.56827163696289,0.9700460433959961,1.8958371877670288,-0.14392796158790588
1692286078417266425,337,1692286078416510508,,panda_joint1,panda_joint2,panda_joint3,panda_joint4,panda_joint5,panda_joint6,panda_joint7,-0.13108032406281464,-0.3819336327946283,0.0002949596419167517,-1.854232728047444,0.009542282110753877,1.5168174593824855,0.7925741979173487,0.015393873553390388,0.027632327308628597,-0.023171419225187784,0.08458521418116419,0.0261528908642387,-0.019115335460043074,0.0005454027133057587,0.13554739952087402,-14.992425918579102,-0.22425365447998047,21.52859878540039,0.9645528793334961,1.9379514455795288,-0.11829318851232529
1692286078451421037,338,1692286078450671141,,panda_joint1,panda_joint2,panda_joint3,panda_joint4,panda_joint5,panda_joint6,panda_joint7,-0.130481587967357,-0.3809310112136488,-0.0004063330624737239,-1.8515380808260404,0.010538295533888941,1.5164012220490009,0.7925763277914891,0.01554824908462753,0.029397241794253213,-0.025427225569607748,0.07956308527504309,0.027385647927495003,-0.0036271718034229642,0.0010441050696000198,0.286304235458374,-15.067804336547852,-0.07746410369873047,21.37387466430664,0.9764547348022461,1.8674558401107788,-0.15033665299415588
1692286078485145174,339,1692286078484535265,,panda_joint1,panda_joint2,panda_joint3,panda_joint4,panda_joint5,panda_joint6,panda_joint7,-0.1298680620381036,-0.3799970206202862,-0.001088756381005728,-1.84902043207234,0.01147395694076348,1.515965627748542,0.7925731250338175,0.0164516392224527,0.028851018196031107,-0.022297459791684276,0.07348596439060157,0.023694953644328946,-0.017400565048441435,0.00015447169468949583,0.24663138389587402,-14.881341934204102,-0.14887523651123047,21.56827163696289,0.9700460433959961,1.8958371877670288,-0.11829318851232529
1692286078519188285,340,1692286078518609252,,panda_joint1,panda_joint2,panda_joint3,panda_joint4,panda_joint5,panda_joint6,panda_joint7,-0.129271348085619,-0.3790692524202843,-0.001756795886960875,-1.846533584324417,0.012456081615346394,1.515551870093304,0.7925694629243686,0.016447188817885525,0.02461096936353188,-0.022479705049600545,0.07343399433269353,0.02655446938315352,-0.015430430138428873,-0.011047167001576912,0.21092581748962402,-14.956720352172852,-0.14887523651123047,21.56827163696289,0.9764547348022461,1.8747800588607788,-0.08533420413732529
1692286078553544732,341,1692286078552527990,,panda_joint1,panda_joint2,panda_joint3,panda_joint4,panda_joint5,panda_joint6,panda_joint7,-0.12870399982828207,-0.3781012704445413,-0.002394316041109653,-1.8439673729255246,0.013451297340195404,1.5151471756196897,0.7925672249686386,0.018573113034998586,0.02654906293035064,-0.014822614628884496,0.07607506008535768,0.024852581587102605,-0.012176551378405813,-0.0022921939597664548,0.322009801864624,-15.178888320922852,-0.03779125213623047,21.56827163696289,0.9947652816772461,1.9031614065170288,-0.06519260257482529
1692286078587147335,342,1692286078586572571,,panda_joint1,panda_joint2,panda_joint3,panda_joint4,panda_joint5,panda_joint6,panda_joint7,-0.12809792361970082,-0.37716241565786274,-0.002993401398409741,-1.841366922262502,0.014373071549610006,1.5147881411180975,0.7925730852993317,0.019222775954791584,0.026481413913101357,-0.018914773849706835,0.07933180776394777,0.03292030932301181,-0.01049614996607404,-9.595514165560788e-05,0.24663138389587402,-15.103509902954102,-0.11316967010498047,21.56827163696289,0.9828634262084961,1.9031614065170288,-0.11829318851232529
1692286078621198666,343,1692286078620533838,,panda_joint1,panda_joint2,panda_joint3,panda_joint4,panda_joint5,panda_joint6,panda_joint7,-0.12750379485687882,-0.3762058541274149,-0.0035892048990878987,-1.8387073487021912,0.015309888319672256,1.5144333126212346,0.7925698205522365,0.009466282804525623,0.027813454416770363,-0.01667133599577097,0.07533389855643051,0.028350116791456954,-0.005144014022386396,-0.0016719177075704532,0.21092581748962402,-15.178888320922852,-0.14887523651123047,21.37387466430664,0.9645528793334961,1.8885129690170288,-0.08533420413732529
1692286078655236527,344,1692286078654558724,,panda_joint1,panda_joint2,panda_joint3,panda_joint4,panda_joint5,panda_joint6,panda_joint7,-0.1269746612394212,-0.3753041500754424,-0.0041701608446608465,-1.8361470914815814,0.01623408544012388,1.5141072551412562,0.7925731250155734,0.01860858625736208,0.025521309932124158,-0.017113467866600975,0.07460340550204488,0.022002308720310764,-0.004646617523041769,0.0009334217908438237,0.24663138389587402,-15.032098770141602,-0.11316967010498047,21.25882339477539,0.9700460433959961,1.8747800588607788,-0.11829318851232529
1692286078689202489,345,1692286078688479418,,panda_joint1,panda_joint2,panda_joint3,panda_joint4,panda_joint5,panda_joint6,panda_joint7,-0.1264579893423526,-0.3744532855059861,-0.0047472370040239405,-1.8337426207439913,0.01710701559270703,1.5137951760840385,0.7925723112316585,0.013990781750316117,0.022337604329795792,-0.016406192412052212,0.07137888470930244,0.022656458489628474,-0.009882074329931635,-0.00029556416271369913,0.17125296592712402,-14.845636367797852,-0.07746410369873047,21.29849624633789,0.9828634262084961,1.8885129690170288,-0.11096896976232529
1692286078723378592,346,1692286078722543745,,panda_joint1,panda_joint2,panda_joint3,panda_joint4,panda_joint5,panda_joint6,panda_joint7,-0.1259466419568213,-0.37354503960555246,-0.005329457518489089,-1.8312658973506162,0.017921904955143276,1.5134874790130477,0.7925694642325629,0.01669956256396316,0.024225082333114368,-0.01883978153872695,0.07551911753937,0.01741191577315251,-0.007227279890875156,-0.0012652361038862905,0.21092581748962402,-15.067804336547852,-0.07746410369873047,21.41354751586914,0.9764547348022461,1.8958371877670288,-0.08533420413732529
1692286078757248293,347,1692286078756518420,,panda_joint1,panda_joint2,panda_joint3,panda_joint4,panda_joint5,panda_joint6,panda_joint7,-0.12544476602877397,-0.37262290925031255,-0.005907845617914179,-1.8287163573445993,0.018745135212991666,1.5131900776624323,0.7925701750011905,0.015386617705604424,0.022876574995080477,-0.019794251533441717,0.07426779519116762,0.02241974289128227,-0.011960621918658518,-0.0013553989242211073,0.21092581748962402,-15.139215469360352,-0.03779125213623047,21.41354751586914,0.9828634262084961,1.8885129690170288,-0.09174289554357529
1692286078791262845,348,1692286078790498890,,panda_joint1,panda_joint2,panda_joint3,panda_joint4,panda_joint5,panda_joint6,panda_joint7,-0.12494504708564297,-0.37170033244980955,-0.0064388262224004495,-1.826143034676588,0.01961259822291753,1.512894330628234,0.7925766853641774,0.015296719677021996,0.0313505024008933,-0.010677637443847388,0.07687820587605095,0.027242803391113648,-0.006473135738749236,-0.003028441700083101,0.286304235458374,-15.250299453735352,-0.03779125213623047,21.41354751586914,0.9700460433959961,1.8885129690170288,-0.15033665299415588
1692286078826050491,349,1692286078824538734,,panda_joint1,panda_joint2,panda_joint3,panda_joint4,panda_joint5,panda_joint6,panda_joint7,-0.12444624305018719,-0.37079836737014565,-0.006934226216090442,-1.8236881757763306,0.02039173960829829,1.512678404781819,0.7925698237311508,0.013746925679642995,0.03057798316886839,-0.01074780031260984,0.0732983022605322,0.022193368721052154,-0.007495422489314718,-0.0026583725355337003,0.286304235458374,-15.139215469360352,-0.03779125213623047,21.29849624633789,0.9764547348022461,1.8610471487045288,-0.07892551273107529
1692286078859444860,350,1692286078858519001,,panda_joint1,panda_joint2,panda_joint3,panda_joint4,panda_joint5,panda_joint6,panda_joint7,-0.1239166271270548,-0.3699026634562071,-0.007427194727386633,-1.821308252617255,0.021154636980607763,1.512399306818951,0.7925719536038156,0.02064574925083557,0.019329922030796982,-0.012501870123797195,0.062187693750237576,0.018622864909856242,-0.012618450525326447,-0.005100700752989908,0.24663138389587402,-15.067804336547852,-0.03779125213623047,21.33420181274414,0.9764547348022461,1.8821042776107788,-0.11096896976232529
1692286078894052705,351,1692286078892532812,,panda_joint1,panda_joint2,panda_joint3,panda_joint4,panda_joint5,panda_joint6,panda_joint7,-0.12337758604535543,-0.3689594451730361,-0.007905133762459817,-1.8189213140766756,0.02190466117555604,1.5121440913262685,0.7925745491882163,0.014650335614166628,0.025866452586768656,-0.012356666514536605,0.06742648511733793,0.02131817236809539,-0.008095521933035456,0.0011922303451207296,0.17125296592712402,-15.067804336547852,-0.14887523651123047,21.41354751586914,0.9645528793334961,1.9104856252670288,-0.13111057877540588
1692286078927120453,352,1692286078926477226,,panda_joint1,panda_joint2,panda_joint3,panda_joint4,panda_joint5,panda_joint6,panda_joint7,-0.12289776593218096,-0.36795391112592873,-0.008386243189913531,-1.8164981241032103,0.022674072365945905,1.5119465575064892,0.7925741915603477,0.011301618860757843,0.028710981115319965,-0.01516990932910651,0.06942468028067915,0.021950771295202384,-0.00038700432705598764,0.0008000202443657183,0.17125296592712402,-15.286005020141602,-0.07746410369873047,21.45322036743164,0.9764547348022461,1.9104856252670288,-0.13111057877540588
1692286078961522124,353,1692286078960471418,,panda_joint1,panda_joint2,panda_joint3,panda_joint4,panda_joint5,panda_joint6,panda_joint7,-0.12243927391548083,-0.36693136925396247,-0.008864890836329213,-1.8139767119268417,0.023375081659444533,1.5117644552009852,0.7925715976286086,0.014377339491546404,0.03013488723568468,-0.017777007554026596,0.07345961828680664,0.01970497811271589,-0.006703377427215546,-0.0007683763076711406,0.21092581748962402,-15.325677871704102,-0.07746410369873047,21.37387466430664,0.9828634262084961,1.9315427541732788,-0.10456027835607529
1692286078995156793,354,1692286078994558581,,panda_joint1,panda_joint2,panda_joint3,panda_joint4,panda_joint5,panda_joint6,panda_joint7,-0.12197949716801562,-0.3659405971285866,-0.009340815937533798,-1.8114842275359595,0.024035999911351004,1.5115739501250969,0.7925774372319379,0.011869171977195996,0.029202653262454914,-0.007390740240474627,0.06967225605102495,0.018754764510445044,-0.0044190690136392315,0.0014506616682776782,0.24663138389587402,-15.325677871704102,-0.18854808807373047,21.29849624633789,0.9883565902709961,1.9031614065170288,-0.15674534440040588
1692286079029468139,355,1692286079028575135,,panda_joint1,panda_joint2,panda_joint3,panda_joint4,panda_joint5,panda_joint6,panda_joint7,-0.12150605321588208,-0.3650310748264665,-0.009823320094501776,-1.8091520478675762,0.024693345273742118,1.5114082371113216,0.792571248048321,0.011420253737692149,0.02764208623534055,-0.015294105284088751,0.06167047879974038,0.022529490584412535,-0.0026658591860720528,-2.497004346146915e-05,0.286304235458374,-15.214593887329102,-0.03779125213623047,21.17947769165039,0.9828634262084961,1.8958371877670288,-0.09174289554357529
1692286079063103096,356,1692286079062501247,,panda_joint1,panda_joint2,panda_joint3,panda_joint4,panda_joint5,panda_joint6,panda_joint7,-0.12103894934495898,-0.3641228519645649,-0.010283877675301579,-1.8068719546491627,0.025354619804633903,1.5112332282038239,0.7925715594184066,0.013353137016522179,0.029391592504716138,-0.013483254429409324,0.06727109043864678,0.02005178331069581,-0.007743991902283129,-0.0004088800109236873,0.24663138389587402,-15.250299453735352,-0.0020856857299804688,21.37387466430664,0.9883565902709961,1.9590085744857788,-0.10456027835607529
1692286079097312846,357,1692286079096578359,,panda_joint1,panda_joint2,panda_joint3,panda_joint4,panda_joint5,panda_joint6,panda_joint7,-0.12059109909436516,-0.363179449266164,-0.01071391067270992,-1.804504736857305,0.026039229663771497,1.5110890321048234,0.7925738768470041,0.014597900215705596,0.03130275212713042,-0.010047690183148196,0.0688824886082866,0.026580227179174746,-7.960499915554146e-05,0.0018209296044484396,0.286304235458374,-15.325677871704102,-0.03779125213623047,21.29849624633789,0.9883565902709961,1.9315427541732788,-0.12470187991857529
1692286079131115395,358,1692286079130521939,,panda_joint1,panda_joint2,panda_joint3,panda_joint4,panda_joint5,panda_joint6,panda_joint7,-0.12012349810452654,-0.3622139630290996,-0.011107401646967054,-1.8020861943257749,0.026676126205761045,1.510953001651086,0.7925719536037907,0.014522120689883932,0.028705385546078696,-0.01427856310296209,0.0702131270115688,0.016884336644106653,-0.006097806266847722,-0.0007643598151384528,0.21092581748962402,-15.508172988891602,-0.11316967010498047,21.25882339477539,1.000258445739746,1.9168943166732788,-0.11096896976232529
1692286079165212592,359,1692286079164498453,,panda_joint1,panda_joint2,panda_joint3,panda_joint4,panda_joint5,panda_joint6,panda_joint7,-0.11967980380712775,-0.3612619087566239,-0.011503468723930103,-1.79965902991202,0.02726065802861442,1.510793041534169,0.7925759732866812,0.020213989548895618,0.02582591874886306,-0.011616633191433572,0.07331948401409501,0.0139286905891031,-0.007810595275004189,0.0007341837370935948,0.24663138389587402,-15.579584121704102,-0.11316967010498047,21.25882339477539,1.006667137145996,1.9104856252670288,-0.14392796158790588
1692286079200183371,360,1692286079198606287,,panda_joint1,panda_joint2,panda_joint3,panda_joint4,panda_joint5,panda_joint6,panda_joint7,-0.11925199233736726,-0.360379829426176,-0.011913929869627991,-1.7973615687139448,0.027849806068798503,1.5107261836134906,0.7925759733418621,0.012697981571602845,0.024143208975411928,-0.017778518663255388,0.06399691035729732,0.018762830420186855,-0.0008397320276037788,0.0005250879370952431,0.286304235458374,-15.361383438110352,-0.07746410369873047,21.10409927368164,0.9828634262084961,1.9031614065170288,-0.14392796158790588
1692286079233166229,361,1692286079232532404,,panda_joint1,panda_joint2,panda_joint3,panda_joint4,panda_joint5,panda_joint6,panda_joint7,-0.11883084503018297,-0.3595098634952927,-0.01232074228259257,-1.7951713604639628,0.02843033222015894,1.5106075282533356,0.7925701750011905,0.006591794068955185,0.026704501053252675,-0.011094593979898482,0.06134582562113508,0.017230719353076414,-0.0064527132919742925,-0.0008782316864195182,0.21092581748962402,-15.361383438110352,-0.0020856857299804688,21.14377212524414,1.006667137145996,1.9168943166732788,-0.09174289554357529
1692286079267472226,362,1692286079266527153,,panda_joint1,panda_joint2,panda_joint3,panda_joint4,panda_joint5,panda_joint6,panda_joint7,-0.11842806998409829,-0.3586040696848496,-0.012708545945003848,-1.7929317710639534,0.02900113965060116,1.5104989088833858,0.7925708870780164,0.014762694563815272,0.029884082798493857,-0.0057063446029686354,0.06746870134992218,0.020494730565440593,-0.0005585596094616239,-0.0006658321916680566,0.21092581748962402,-15.432794570922852,-0.07746410369873047,21.25882339477539,1.000258445739746,1.9525998830795288,-0.09815158694982529
1692286079301223200,363,1692286079300557014,,panda_joint1,panda_joint2,panda_joint3,panda_joint4,panda_joint5,panda_joint6,panda_joint7,-0.11805230523871009,-0.35765741803254214,-0.013105483031023546,-1.7906276804205654,0.029572520239591813,1.5104584453631162,0.7925723112316843,0.010524715632858573,0.028412871257355428,-0.0117645261843799,0.06824341727626201,0.016791439332936333,-0.0012474075068434518,0.009980663872547561,0.286304235458374,-15.579584121704102,0.03361988067626953,21.17947769165039,1.006667137145996,1.9104856252670288,-0.11096896976232529
1692286079335578412,364,1692286079334652329,,panda_joint1,panda_joint2,panda_joint3,panda_joint4,panda_joint5,panda_joint6,panda_joint7,-0.11766270345502872,-0.35670260543356275,-0.013477421483698486,-1.788312499348308,0.030076430026558125,1.5103369709250585,0.7925715991548363,0.014798587341120344,0.026250123607742558,-0.006181132528226373,0.06377397083354165,0.02179997422960877,-0.00852871975764926,-0.00029232808459956277,0.24663138389587402,-15.579584121704102,0.03361988067626953,21.29849624633789,1.006667137145996,1.9315427541732788,-0.10456027835607529
1692286079369093102,365,1692286079368524656,,panda_joint1,panda_joint2,panda_joint3,panda_joint4,panda_joint5,panda_joint6,panda_joint7,-0.117269763119344,-0.35573060014590446,-0.01383976937466698,-1.7859597831598426,0.030587718436822155,1.510288320266182,0.7925745491882166,0.016985732495458532,0.03195983927541253,-0.011912689272305847,0.07073590874070532,0.02150734514212251,0.000261230803330043,0.0032076119049029616,0.24663138389587402,-15.579584121704102,-0.03779125213623047,21.10409927368164,1.006667137145996,1.9315427541732788,-0.13111057877540588
1692286079403383879,366,1692286079402531154,,panda_joint1,panda_joint2,panda_joint3,panda_joint4,panda_joint5,panda_joint6,panda_joint7,-0.11688128911417377,-0.3548145946308957,-0.014187261148888734,-1.783727214083077,0.031093997223049417,1.5102721629380964,0.792570887241538,0.013478800243251614,0.022362962752663758,-0.010526298758204506,0.06255843426017992,0.01486687143370932,-6.187929825983142e-05,-0.000370802956634094,0.21092581748962402,-15.472467422485352,-0.07746410369873047,21.06442642211914,0.9947652816772461,1.9379514455795288,-0.09815158694982529
1692286079437261179,367,1692286079436474604,,panda_joint1,panda_joint2,panda_joint3,panda_joint4,panda_joint5,panda_joint6,panda_joint7,-0.11651134785107257,-0.35390088066943565,-0.014530873475732531,-1.7816033965957594,0.03157071957255117,1.5102466184988002,0.7925731250337428,0.009561829538489431,0.028665318498332582,-0.014088530390120011,0.06275252060369088,0.012908002935182739,-0.0006037428875484312,-0.0002347569845081729,0.322009801864624,-15.325677871704102,0.07329273223876953,21.02475357055664,1.018568992614746,1.9379514455795288,-0.11829318851232529
1692286079471529334,368,1692286079470536017,,panda_joint1,panda_joint2,panda_joint3,panda_joint4,panda_joint5,panda_joint6,panda_joint7,-0.1161438488968905,-0.35289752357364773,-0.014862629753826097,-1.779448276621236,0.032056925840571335,1.5102031232374669,0.7925701750011906,0.015793733175623194,0.03267256597935612,-0.006124956515825833,0.06431265389444611,0.013655700464050985,0.00011068976938692033,-0.0008877030121480227,0.357715368270874,-15.619256973266602,-0.03779125213623047,21.17947769165039,1.000258445739746,1.9379514455795288,-0.09174289554357529
1692286079505055076,369,1692286079504523751,,panda_joint1,panda_joint2,panda_joint3,panda_joint4,panda_joint5,panda_joint6,panda_joint7,-0.11576996477254725,-0.3519082327666282,-0.015169911423746275,-1.777212075041883,0.03254516369997368,1.510175842706106,0.7925723112316594,0.010641716356502897,0.03154478497254413,-0.007290065399462693,0.06643865628045002,0.0183702835397926,0.00029100971711757735,-0.003226562595986755,0.24663138389587402,-15.726373672485352,-0.0020856857299804688,21.21915054321289,1.006667137145996,1.9379514455795288,-0.11096896976232529
1692286079540080787,370,1692286079538554206,,panda_joint1,panda_joint2,panda_joint3,panda_joint4,panda_joint5,panda_joint6,panda_joint7,-0.11541899249302084,-0.35095160300111883,-0.015465242113319122,-1.7749411051098396,0.032999792146020904,1.5101560274138435,0.7925752612832114,0.01086369385874456,0.027400593848232988,-0.009258192639179251,0.0668247061160668,0.015329780573699799,-0.0006042676484705112,0.001547903484259726,0.322009801864624,-15.726373672485352,-0.0020856857299804688,21.29849624633789,1.018568992614746,1.9736570119857788,-0.13751927018165588
1692286079573642497,371,1692286079572530064,,panda_joint1,panda_joint2,panda_joint3,panda_joint4,panda_joint5,panda_joint6,panda_joint7,-0.11505550575795447,-0.35001768302642833,-0.015745780284987892,-1.7727194439846343,0.03343051321913542,1.5101478980045022,0.792568833499319,0.011843907058688926,0.03270958502427342,-0.009200379609023876,0.06497091303484383,0.008776992270772015,-0.0005939891218051902,3.9614527368113416e-05,0.286304235458374,-15.690668106079102,0.03361988067626953,21.14377212524414,1.024977684020996,1.9590085744857788,-0.11829318851232529
1692286079607402099,372,1692286079606497373,,panda_joint1,panda_joint2,panda_joint3,panda_joint4,panda_joint5,panda_joint6,panda_joint7,-0.11470285965830405,-0.3491316073248088,-0.016012166780887755,-1.7705968291889367,0.033843627766635055,1.5101423158248346,0.7925673441779281,0.01424977591098717,0.021793739883919788,-0.0030313125985794174,0.05709898390934827,0.0067855445000158075,0.000617234286012963,-0.002432320072824852,0.286304235458374,-15.654962539672852,0.03361988067626953,21.14377212524414,1.006667137145996,1.9663327932357788,-0.06519260257482529
1692286079641567965,373,1692286079640433064,,panda_joint1,panda_joint2,panda_joint3,panda_joint4,panda_joint5,panda_joint6,panda_joint7,-0.11436233118527009,-0.348275154009248,-0.01625769468005302,-1.7685534325769854,0.03422552268415577,1.510139830030596,0.7925749099941716,0.009030341097740285,0.025025729852421796,-0.0024401401437917697,0.061385952320169385,0.016429537858441274,6.667319416103647e-05,0.00039618608151961607,0.17125296592712402,-15.654962539672852,-0.07746410369873047,21.06442642211914,1.000258445739746,1.9590085744857788,-0.12470187991857529
1692286079675422015,374,1692286079674490057,,panda_joint1,panda_joint2,panda_joint3,panda_joint4,panda_joint5,panda_joint6,panda_joint7,-0.11402131649701526,-0.34736231245115096,-0.016531521252026577,-1.766411119849929,0.03461010750434146,1.510137042568865,0.792575973341854,0.008348307143877227,0.027369221673719975,-0.00981145114757822,0.06583671872207737,0.01256213068817109,-0.0010206282534175716,0.0010845315584337393,0.17125296592712402,-15.654962539672852,-0.0020856857299804688,21.06442642211914,0.9947652816772461,1.9947141408920288,-0.14392796158790588
1692286079709365243,375,1692286079708544460,,panda_joint1,panda_joint2,panda_joint3,panda_joint4,panda_joint5,panda_joint6,panda_joint7,-0.11370283336637875,-0.3464552789205018,-0.016788389565341903,-1.7642765696544571,0.034987738787269136,1.5101383501679462,0.79257526125898,0.008196053082592608,0.029037344470483326,-0.007838538683099725,0.058578123492944965,0.01582441613703182,0.0016193775706320605,0.002208205118346714,0.24663138389587402,-15.726373672485352,0.03361988067626953,21.17947769165039,0.9947652816772461,2.0020382404327393,-0.13751927018165588
1692286079743409134,376,1692286079742534365,,panda_joint1,panda_joint2,panda_joint3,panda_joint4,panda_joint5,panda_joint6,panda_joint7,-0.11340053559382311,-0.3455215672324131,-0.017038363038255806,-1.762080026368668,0.03535994913360063,1.510139539736632,0.7925766854167439,0.00901649978225912,0.03342976233434499,-0.007540219442610171,0.06682945367718746,0.010777294867140423,0.0022854247620639184,0.001501605289702985,0.322009801864624,-15.837457656860352,0.07329273223876953,21.14377212524414,1.018568992614746,2.0084469318389893,-0.15033665299415588
1692286079777418294,377,1692286079776503591,,panda_joint1,panda_joint2,panda_joint3,panda_joint4,panda_joint5,panda_joint6,panda_joint7,-0.11308874521185024,-0.34461563793978517,-0.017269739843470508,-1.759856074077334,0.03572019349498081,1.5101490791937895,0.7925756125350802,0.011597566207759723,0.027930333048097437,-0.00575128087833658,0.0604713240004998,0.011801399563875384,0.0009910526875445815,0.0011998360031964537,0.286304235458374,-15.766046524047852,0.07329273223876953,20.94937515258789,1.012160301208496,1.9663327932357788,-0.15033665299415588
1692286079811182859,378,1692286079810609841,,panda_joint1,panda_joint2,panda_joint3,panda_joint4,panda_joint5,panda_joint6,panda_joint7,-0.11278849000660215,-0.34373177628412127,-0.017459538140277512,-1.7577801545537382,0.03605598956104421,1.5101552767113993,0.7925784804064555,0.01393774410896131,0.021118337628453176,-0.0070991318795544395,0.058067127099475355,0.006412460374829721,-0.0006560975013344773,0.0014230769384599357,0.24663138389587402,-15.690668106079102,-0.0020856857299804688,20.98508071899414,1.012160301208496,2.0368282794952393,-0.13751927018165588
1692286079845206092,379,1692286079844544346,,panda_joint1,panda_joint2,panda_joint3,panda_joint4,panda_joint5,panda_joint6,panda_joint7,-0.11249452242554178,-0.3428369882111737,-0.01763753893609639,-1.7558004672259908,0.03636254980429986,1.5101802221709597,0.7925706185142558,0.006966683708079198,0.03105566540177155,-0.005206606075886427,0.056253014574294935,0.003511013076161273,0.0023638774169001658,0.0006753945337105111,0.24663138389587402,-15.654962539672852,0.07329273223876953,20.94937515258789,1.018568992614746,2.0230953693389893,-0.12470187991857529
1692286079879696810,380,1692286079878594015,,panda_joint1,panda_joint2,panda_joint3,panda_joint4,panda_joint5,panda_joint6,panda_joint7,-0.11221148178685736,-0.34188950349977326,-0.017816724196567508,-1.7538126671585748,0.03663837386573971,1.5102042521551622,0.7925766854186851,0.0036614931987029482,0.03168781448036129,-0.006074723112890962,0.05618417853217344,0.007658031265981474,0.004629897931933526,0.0013944113716452236,0.17125296592712402,-15.801752090454102,-0.03779125213623047,21.02475357055664,1.006667137145996,2.0652096271514893,-0.15033665299415588
1692286079913156866,381,1692286079912496744,,panda_joint1,panda_joint2,panda_joint3,panda_joint4,panda_joint5,panda_joint6,panda_joint7,-0.11192631308844907,-0.340905786700271,-0.01799975004000545,-1.7517586210597944,0.036915726688090546,1.5102792754330618,0.7925701750011905,0.005825105151592117,0.027262041066650543,-0.009435930650481998,0.05586771939240608,0.010856250464151923,0.0011166365722237383,-0.0009251762136568792,0.21092581748962402,-15.948541641235352,-0.0020856857299804688,21.02475357055664,1.000258445739746,2.0368282794952393,-0.09174289554357529
1692286079947189496,382,1692286079946538915,,panda_joint1,panda_joint2,panda_joint3,panda_joint4,panda_joint5,panda_joint6,panda_joint7,-0.11166565432789993,-0.3399310337937567,-0.01817491091319444,-1.7496860839916235,0.03715136169450069,1.5103342020720696,0.7925715991548361,0.01043553713811697,0.028733901192864626,-0.006801944043920003,0.06178836399353073,0.0059935140195194496,-0.0004524336523673663,-0.0006902017192675197,0.322009801864624,-15.984247207641602,0.03361988067626953,21.14377212524414,1.006667137145996,2.0999996662139893,-0.10456027835607529
1692286079981123135,383,1692286079980560705,,panda_joint1,panda_joint2,panda_joint3,panda_joint4,panda_joint5,panda_joint6,panda_joint7,-0.1113959911764116,-0.33897139759378553,-0.018366906251851584,-1.7475833525975921,0.037391383030392404,1.5104372852211676,0.7925766853641798,0.0036437495307419096,0.02754433792345498,-0.004648453140651961,0.05618722903598991,0.004616205990317368,0.012828106368805341,0.0012063337075427034,0.286304235458374,-16.0953311920166,0.10899829864501953,21.17947769165039,1.006667137145996,2.0935909748077393,-0.15033665299415588
1692286080015131844,384,1692286080014514536,,panda_joint1,panda_joint2,panda_joint3,panda_joint4,panda_joint5,panda_joint6,panda_joint7,-0.11114139043888435,-0.33806683826163336,-0.018554712420781296,-1.7455642165301366,0.03762051466356546,1.5105276028498422,0.7925739695653319,0.0049012052993412224,0.02371480547505848,-0.007206090936645599,0.06259315047418816,0.005588504008925918,0.00046252624051490335,0.002211030429389535,0.286304235458374,-15.912836074829102,0.07329273223876953,20.98508071899414,1.012160301208496,2.0789425373077393,-0.12470187991857529
1692286080049043110,385,1692286080048473238,,panda_joint1,panda_joint2,panda_joint3,panda_joint4,panda_joint5,panda_joint6,panda_joint7,-0.11089144122141897,-0.3371862517252704,-0.018703445986336862,-1.74364833767483,0.03783684770491933,1.5106076118933074,0.7925723112316594,0.007771162061170633,0.02845993574679107,-0.004757466406361555,0.05446216143345447,0.0040373848071567,0.0011510078358475035,-0.0008693576000356684,0.357715368270874,-15.877130508422852,0.10899829864501953,20.94937515258789,1.006667137145996,2.1283810138702393,-0.11096896976232529
1692286080083474160,386,1692286080082506035,,panda_joint1,panda_joint2,panda_joint3,panda_joint4,panda_joint5,panda_joint6,panda_joint7,-0.11061717046958539,-0.3362867569756393,-0.01883901364538395,-1.7417567836575418,0.03804298505597862,1.5107245955728195,0.7925705358079985,0.012647582233072939,0.01970861738478668,-0.0002533407648835854,0.06165865294994061,0.00912311573697071,-0.0002826411003215062,-0.0035004819263939166,0.286304235458374,-15.948541641235352,0.10899829864501953,21.10409927368164,1.006667137145996,2.1430294513702393,-0.08533420413732529
1692286080117437185,387,1692286080116511361,,panda_joint1,panda_joint2,panda_joint3,panda_joint4,panda_joint5,panda_joint6,panda_joint7,-0.11035248845905794,-0.33536591464498633,-0.018941558794793513,-1.7397985363509196,0.03822988521379492,1.5108126848142407,0.792571046078242,0.008308114011536886,0.027230682575910933,-0.0017289327753721318,0.060293134721987475,0.01077470718990945,2.0875658066605717e-05,-0.0005043096677798085,0.24663138389587402,-16.13103675842285,-0.03779125213623047,21.14377212524414,1.006667137145996,2.1851437091827393,-0.09815158694982529
1692286080151310762,388,1692286080150509641,,panda_joint1,panda_joint2,panda_joint3,panda_joint4,panda_joint5,panda_joint6,panda_joint7,-0.11011631627868547,-0.33445699830859765,-0.019022046274336932,-1.7378223201908523,0.03841538006967376,1.5109712756111102,0.7925698141944085,0.009460660577175891,0.023274485066841842,-0.003588407833981318,0.05835165124946055,0.006835551022317707,0.0006747589057436141,-0.0006425257311953968,0.21092581748962402,-16.24212074279785,0.03361988067626953,21.14377212524414,1.024977684020996,2.1567623615264893,-0.09815158694982529
1692286080185188323,389,1692286080184589789,,panda_joint1,panda_joint2,panda_joint3,panda_joint4,panda_joint5,panda_joint6,panda_joint7,-0.10989206496018399,-0.33359082209638447,-0.019140249928689866,-1.7358174985643124,0.03857633890279035,1.511059102625113,0.7925769365529911,0.004594558622356827,0.02942836232271969,-0.003145563772905681,0.06146604694759642,0.009266982171378552,0.00023982006970468825,9.770196621045738e-05,0.21092581748962402,-16.2064151763916,0.03361988067626953,21.06442642211914,1.000258445739746,2.1778194904327393,-0.12470187991857529
1692286080219579705,390,1692286080218671661,,panda_joint1,panda_joint2,panda_joint3,panda_joint4,panda_joint5,panda_joint6,panda_joint7,-0.10969691993872213,-0.33274809032986563,-0.019274221800709247,-1.7337583576102011,0.03876017406633608,1.5112021130500324,0.7925694629243677,0.009766736545918952,0.02366126745481278,-0.005447753616951799,0.06119128977582448,0.003812407297502309,0.0050344829117338775,-0.0016692559977255243,0.322009801864624,-16.0953311920166,0.07329273223876953,20.79465103149414,1.024977684020996,2.1567623615264893,-0.08533420413732529
1692286080253537035,391,1692286080252454298,,panda_joint1,panda_joint2,panda_joint3,panda_joint4,panda_joint5,panda_joint6,panda_joint7,-0.10948374745227811,-0.33191362632113935,-0.019405085096558968,-1.731809840413409,0.03889498981762546,1.5113896597556693,0.7925734669376716,0.007079534277400169,0.02554332016607937,-0.0031714091283461376,0.04898085827312672,0.0009654392898420284,0.003915008682425676,0.0014682760454005617,0.322009801864624,-15.912836074829102,0.07329273223876953,20.83035659790039,0.9947652816772461,2.1640865802764893,-0.15033665299415588
1692286080287269542,392,1692286080286531847,,panda_joint1,panda_joint2,panda_joint3,panda_joint4,panda_joint5,panda_joint6,panda_joint7,-0.10925586740663448,-0.33106401817749803,-0.019513641363727872,-1.7299852647276428,0.0390419337659713,1.511466726939877,0.7925752613194699,0.0045676626535842355,0.025223421948484582,-0.0024656044326182235,0.04889785042893864,0.006479655904334469,0.009285556452270435,0.0009543285792630919,0.286304235458374,-15.948541641235352,0.14470386505126953,20.87002944946289,0.9947652816772461,2.1851437091827393,-0.13751927018165588
1692286080321201038,393,1692286080320494350,,panda_joint1,panda_joint2,panda_joint3,panda_joint4,panda_joint5,panda_joint6,panda_joint7,-0.10902226205416954,-0.33016048184631064,-0.01958289506210905,-1.7281936858746643,0.0391520552728444,1.5116385152336365,0.792571367094086,0.004802334080616863,0.027985376894702735,-0.0005061428545382166,0.05019185980337472,0.00426596637424991,0.003514826746018166,-0.0006110237095709199,0.286304235458374,-16.0953311920166,0.10899829864501953,21.06442642211914,1.012160301208496,2.2272579669952393,-0.09174289554357529
1692286080355061554,394,1692286080354457660,,panda_joint1,panda_joint2,panda_joint3,panda_joint4,panda_joint5,panda_joint6,panda_joint7,-0.10876566989495354,-0.3291910889623927,-0.01962438029064235,-1.7263234568790156,0.039282708463146444,1.5118064579288,0.7925741946839273,0.01065716342125143,0.03096305806123805,0.0010658576671145133,0.051280116114140704,0.003167119616232826,0.0048692083936199655,0.00029009761533673947,0.21092581748962402,-16.24212074279785,-0.0020856857299804688,21.06442642211914,1.018568992614746,2.2272579669952393,-0.12470187991857529
1692286080389206713,395,1692286080388494012,,panda_joint1,panda_joint2,panda_joint3,panda_joint4,panda_joint5,panda_joint6,panda_joint7,-0.10852424681903575,-0.3282291742633498,-0.01966564932890943,-1.7244355803151061,0.03937855392339318,1.5119129321581104,0.7925723112296654,0.004773018909482024,0.03373737555002375,-0.0006184825939755491,0.05844299941013009,0.0009348294051674873,0.00010776978864062738,0.00013656306515997193,0.24663138389587402,-16.35320472717285,-0.0020856857299804688,21.06442642211914,1.000258445739746,2.2556393146514893,-0.11096896976232529
1692286080423784050,396,1692286080422464246,,panda_joint1,panda_joint2,panda_joint3,panda_joint4,panda_joint5,panda_joint6,panda_joint7,-0.10829704539622788,-0.3272934862533784,-0.01972671089485737,-1.7225152491658648,0.039477964581891616,1.5120858804037483,0.7925701750556996,0.009997313996257402,0.02716728219339491,-0.000263007828092777,0.05643677135701733,0.0032303582254798137,0.005406555309773999,-0.0013165316330823638,0.21092581748962402,-16.3174991607666,-0.03779125213623047,21.06442642211914,1.012160301208496,2.2409908771514893,-0.09174289554357529
1692286080457210563,397,1692286080456492535,,panda_joint1,panda_joint2,panda_joint3,panda_joint4,panda_joint5,panda_joint6,panda_joint7,-0.10811070840916172,-0.3263935314374164,-0.019811841831802252,-1.7206169209194706,0.03955964211907668,1.5123082320780958,0.7925687508536012,0.004796378026932287,0.025789625967006652,-0.0022889045223908155,0.05101458226809723,0.0004493175826209041,0.008877281250901268,-0.0013867607068135423,0.24663138389587402,-16.24212074279785,0.03361988067626953,20.98508071899414,1.000258445739746,2.2483150959014893,-0.07892551273107529
1692286080491333571,398,1692286080490498340,,panda_joint1,panda_joint2,panda_joint3,panda_joint4,panda_joint5,panda_joint6,panda_joint7,-0.10792594158139439,-0.3255157257451904,-0.01990059652483169,-1.718794294360747,0.039618781319930185,1.5124710540277413,0.7925708870780135,0.004760344162742969,0.02894394514964274,-0.006017816333262181,0.055586201485845275,0.0034689876219614413,0.003294687212973379,-0.0003762571547997035,0.286304235458374,-16.2778263092041,0.07329273223876953,20.90970230102539,1.000258445739746,2.2556393146514893,-0.09815158694982529
1692286080525474887,399,1692286080524517747,,panda_joint1,panda_joint2,panda_joint3,panda_joint4,panda_joint5,panda_joint6,panda_joint7,-0.10771157918220865,-0.3246674639520165,-0.01999290102289519,-1.7170422361457172,0.039675713028520375,1.512685237428114,0.7925715991548363,0.00037941079094636716,0.025780168393612145,-0.005934818626003845,0.04697021235424436,0.00027670090743616083,0.0015037537458969733,-0.010653254880673323,0.286304235458374,-16.2064151763916,0.10899829864501953,21.02475357055664,1.006667137145996,2.2766964435577393,-0.10456027835607529
1692286080559538518,400,1692286080558464339,,panda_joint1,panda_joint2,panda_joint3,panda_joint4,panda_joint5,panda_joint6,panda_joint7,-0.10752978111475346,-0.32379431796509317,-0.020033461794067786,-1.7152872624085393,0.03972925679379398,1.512809316422318,0.7925731250519121,0.0058280197788884835,0.027964567587055584,0.0011339356966192354,0.059003319066181795,0.000182610997550455,0.0005911147043956072,0.0002593983002247587,0.286304235458374,-16.35320472717285,0.03361988067626953,21.02475357055664,0.9947652816772461,2.2904293537139893,-0.11829318851232529
1692286080593400087,401,1692286080592455730,,panda_joint1,panda_joint2,panda_joint3,panda_joint4,panda_joint5,panda_joint6,panda_joint7,-0.10732488209769599,-0.32290482974704526,-0.020080388070303178,-1.7135042338770001,0.03977274866116956,1.5130256228448862,0.7925701750018636,0.005868738208641498,0.026800906982114566,-0.0011750099012639483,0.052492142911727574,-5.7821191552425276e-05,0.0049165300919983106,-0.00015254817614138033,0.286304235458374,-16.46428871154785,0.10899829864501953,20.98508071899414,0.9947652816772461,2.3114864826202393,-0.09174289554357529
1692286080627402943,402,1692286080626475109,,panda_joint1,panda_joint2,panda_joint3,panda_joint4,panda_joint5,panda_joint6,panda_joint7,-0.10710262027883237,-0.32201610660248603,-0.020097736547265148,-1.7116962833169744,0.03981531307754105,1.5132406317622509,0.7925809769540062,0.01204682315542762,0.01932614029658593,-0.0004191549557995618,0.05475509193884978,-0.0001369431187960449,0.007837843479567565,0.001007802893419933,0.21092581748962402,-16.46428871154785,0.03361988067626953,20.94937515258789,1.000258445739746,2.2620480060577393,-0.15033665299415588
1692286080661199072,403,1692286080660488557,,panda_joint1,panda_joint2,panda_joint3,panda_joint4,panda_joint5,panda_joint6,panda_joint7,-0.10691474007693341,-0.32115832065690186,-0.020111666270874056,-1.7098464070849562,0.03984888221682663,1.5134146990206268,0.7925738724318393,0.003639536648513931,0.025049566508949062,0.0007567786375765833,0.053785999184969575,5.808211928048321e-06,0.00682709129571782,0.0006472702260692072,0.24663138389587402,-16.42461585998535,-0.0020856857299804688,21.02475357055664,1.000258445739746,2.3114864826202393,-0.12470187991857529
1692286080695371007,404,1692286080694673745,,panda_joint1,panda_joint2,panda_joint3,panda_joint4,panda_joint5,panda_joint6,panda_joint7,-0.10675271411776163,-0.32032715342204243,-0.020154195265358485,-1.7079506413930532,0.039870865563738436,1.513613601768553,0.7925759750316145,0.003805168818900992,0.018864757769332934,-0.001427941963639481,0.05641783575953694,0.00034527886124968157,0.002666870585882299,0.0005421441104273106,0.21092581748962402,-16.3889102935791,0.07329273223876953,20.79465103149414,0.9764547348022461,2.2840206623077393,-0.14392796158790588
1692286080729271082,405,1692286080728531217,,panda_joint1,panda_joint2,panda_joint3,panda_joint4,panda_joint5,panda_joint6,panda_joint7,-0.10658423447795749,-0.3195543868381382,-0.020219804134615084,-1.706170321571381,0.039881215194754,1.5138506111719146,0.7925726685114054,0.004022261457554825,0.020638320481191363,-0.005144105180607902,0.0516070989416605,0.0003056197559895566,0.008021915620871203,-0.0014979425553443228,0.24663138389587402,-16.24212074279785,0.10899829864501953,20.67563247680664,0.9828634262084961,2.2766964435577393,-0.08533420413732529
1692286080763282690,406,1692286080762505001,,panda_joint1,panda_joint2,panda_joint3,panda_joint4,panda_joint5,panda_joint6,panda_joint7,-0.106426024704273,-0.3187683060874707,-0.02026255662686665,-1.70448769755462,0.03989005483250267,1.5140723811022168,0.7925691052985178,0.002343611568601971,0.02270203441319514,-0.003367175294677759,0.04705853689695215,-3.2946337970821494e-05,0.0013680411778016028,-0.0012193548152786907,0.322009801864624,-16.24212074279785,0.10899829864501953,20.71530532836914,0.9764547348022461,2.2766964435577393,-0.08533420413732529
1692286080797057711,407,1692286080796491933,,panda_joint1,panda_joint2,panda_joint3,panda_joint4,panda_joint5,panda_joint6,panda_joint7,-0.10623477166297958,-0.317948760070137,-0.02027676837292913,-1.7028542838379657,0.039896127355183365,1.5142738154879445,0.7925707678142159,0.004268390285303454,0.02791917843752161,0.0007119660774490074,0.0550742199594195,0.0002974071419094031,0.007076210772442988,-0.0012037585398151007,0.286304235458374,-16.2778263092041,0.07329273223876953,20.75497817993164,0.9645528793334961,2.3050777912139893,-0.09815158694982529
1692286080831509114,408,1692286080830548994,,panda_joint1,panda_joint2,panda_joint3,panda_joint4,panda_joint5,panda_joint6,panda_joint7,-0.10607250639668914,-0.31706039785746587,-0.02028574183203657,-1.7011761405700079,0.039896171868455774,1.5144927091755236,0.7925701750012156,0.0007651915139774256,0.01826496330415907,0.000359050841555264,0.05025982630052513,-0.00020042493651976977,0.00642927646241934,-0.0017372176453726588,0.24663138389587402,-16.3889102935791,0.03361988067626953,20.79465103149414,0.9645528793334961,2.3188107013702393,-0.09174289554357529
1692286080865103286,409,1692286080864507160,,panda_joint1,panda_joint2,panda_joint3,panda_joint4,panda_joint5,panda_joint6,panda_joint7,-0.10592819619625407,-0.31613663283693594,-0.02029770302717816,-1.699480438979726,0.03989820589251206,1.5147283840543428,0.7925733936520085,0.007189956530062899,0.026018330998024395,-0.000959132968627943,0.049504857744302404,0.00023946734573865406,0.008173345569347505,-0.0010047522538521906,0.21092581748962402,-16.46428871154785,0.10899829864501953,20.90970230102539,0.9462423324584961,2.2977535724639893,-0.09174289554357529
1692286080899427843,410,1692286080898504910,,panda_joint1,panda_joint2,panda_joint3,panda_joint4,panda_joint5,panda_joint6,panda_joint7,-0.10578409677620199,-0.3152183035558043,-0.020304811059409553,-1.6977671974271644,0.03989662357588333,1.5149547244715194,0.7925731250882508,0.009215313600957915,0.026430421843555475,0.00017361868950102445,0.05082364344693208,-2.1120178025327086e-05,0.0024940027726234795,-0.0004043060224579614,0.24663138389587402,-16.6110782623291,0.07329273223876953,20.87002944946289,0.9462423324584961,2.2977535724639893,-0.11829318851232529
1692286080933086573,411,1692286080932453131,,panda_joint1,panda_joint2,panda_joint3,panda_joint4,panda_joint5,panda_joint6,panda_joint7,-0.1056398197041357,-0.3143177022561502,-0.020314323573133942,-1.6960010667960264,0.03989473874996229,1.515184143325991,0.7925738390728585,0.004686448899476163,0.023300155238029925,0.0005065298011371315,0.04959717218340551,-5.19045771277133e-05,0.010407929924868794,0.000465709193120877,0.286304235458374,-16.64678382873535,0.07329273223876953,20.98508071899414,0.9343404769897461,2.2977535724639893,-0.12470187991857529
1692286080967421729,412,1692286080966519636,,panda_joint1,panda_joint2,panda_joint3,panda_joint4,panda_joint5,panda_joint6,panda_joint7,-0.10550311678627398,-0.3134479793790203,-0.020322515572953878,-1.6942828933811156,0.03989809128705858,1.5154450062836633,0.7925745491882163,0.0023841223927821313,0.02475635532415885,-0.001411607280669994,0.04810978948787794,0.0005661292120410369,0.0033175503846400245,0.000739473043342039,0.286304235458374,-16.64678382873535,0.10899829864501953,20.75497817993164,0.9041280746459961,2.3050777912139893,-0.13111057877540588
1692286081001486187,413,1692286081000464868,,panda_joint1,panda_joint2,panda_joint3,panda_joint4,panda_joint5,panda_joint6,panda_joint7,-0.10537212977277867,-0.31263409168517803,-0.020329699896665658,-1.6926673576519298,0.03989334494053064,1.5156921466712163,0.7925745491882165,0.003015271665578717,0.024127849040176244,-0.001695839647158204,0.04334375918232984,-3.6560498138150584e-05,0.01095937233743787,0.00039744769800990253,0.286304235458374,-16.53569984436035,0.10899829864501953,20.79465103149414,0.9041280746459961,2.3050777912139893,-0.13111057877540588
1692286081035694757,414,1692286081034756281,,panda_joint1,panda_joint2,panda_joint3,panda_joint4,panda_joint5,panda_joint6,panda_joint7,-0.1052403686820277,-0.3118450407632447,-0.020336004649819616,-1.6911364902716857,0.03988984308306112,1.5159322071735437,0.7925774372339571,0.0037211437201055877,0.024490232986069425,-9.045663866170803e-05,0.04227482305001172,0.00017941334238868637,0.005407078011632813,0.0018367156367841678,0.286304235458374,-16.53569984436035,0.10899829864501953,20.79465103149414,0.8922262191772461,2.2904293537139893,-0.15674534440040588
1692286081069552835,415,1692286081068505122,,panda_joint1,panda_joint2,panda_joint3,panda_joint4,panda_joint5,panda_joint6,panda_joint7,-0.10508774364731648,-0.31098914111246273,-0.020335795350318302,-1.689535254960748,0.03988527794285137,1.516203052274535,0.7925745624518706,0.0064876451045815485,0.02672006517217261,0.0003286469176765968,0.04778552708272843,-0.004202734172160781,0.006243303275886921,-0.009102669146117107,0.21092581748962402,-16.7221622467041,0.07329273223876953,20.87002944946289,0.8803243637084961,2.3114864826202393,-0.13111057877540588
1692286081103321118,416,1692286081102561342,,panda_joint1,panda_joint2,panda_joint3,panda_joint4,panda_joint5,panda_joint6,panda_joint7,-0.1049496821526459,-0.3101401527580519,-0.02033857366033205,-1.6879077037565442,0.03987158073808576,1.5164491767918116,0.7925777980387219,0.006602244968945622,0.024971804569113847,-0.00012367345684929096,0.050835788701040406,0.0002698212053573415,0.015294490645217105,0.0010923398015633247,0.24663138389587402,-16.6824893951416,0.10899829864501953,20.79465103149414,0.8556051254272461,2.2977535724639893,-0.15033665299415588
1692286081137102668,417,1692286081136474995,,panda_joint1,panda_joint2,panda_joint3,panda_joint4,panda_joint5,panda_joint6,panda_joint7,-0.10483350565685713,-0.30929559685981395,-0.020341713679809796,-1.6862947526699876,0.03986237471062183,1.516673778795885,0.7925701750032096,0.001264803862360843,0.024935875382633758,-0.001001286909749089,0.043244353641357515,-0.001566670248252705,0.006327369592585273,-0.0008836913538999892,0.286304235458374,-16.82927894592285,0.14470386505126953,20.87002944946289,0.8372945785522461,2.3050777912139893,-0.09174289554357529
1692286081354981464,418,1692286081353566507,,panda_joint1,panda_joint2,panda_joint3,panda_joint4,panda_joint5,panda_joint6,panda_joint7,-0.10479636110050343,-0.3088562314231362,-0.020305537867180087,-1.6853114435916452,0.03984836504745541,1.5167916112490665,0.7926006464131825,-0.0014035260023561372,-0.0024048953970595014,0.0017628982272531555,0.0029165108349270717,0.0002838816164097129,0.0006125750926098676,0.002043420554431099,0.322009801864624,-16.75786781311035,0.22008228302001953,20.17575454711914,0.8739156723022461,2.1778194904327393,-0.15033665299415588
1692286081388247097,419,1692286081387466978,,panda_joint1,panda_joint2,panda_joint3,panda_joint4,panda_joint5,panda_joint6,panda_joint7,-0.10478204455604719,-0.3088928794642184,-0.020292456683358676,-1.68536329044205,0.039847398526163626,1.5167711481706296,0.7925999523361817,0.0007256414255440071,-0.002813089173239828,0.0025428656352867417,-0.0005239438854683999,-8.510119996526575e-05,0.0005851416417922824,0.0018174064044189785,0.09984183311462402,-16.3889102935791,0.03361988067626953,20.87002944946289,0.8858175277709961,2.3471920490264893,-0.14392796158790588
1692286081422277653,420,1692286081421455097,,panda_joint1,panda_joint2,panda_joint3,panda_joint4,panda_joint5,panda_joint6,panda_joint7,-0.10478705279582139,-0.3088741170392741,-0.02030024847824329,-1.685333146011639,0.03984739803936747,1.5167845005922083,0.7925988980589106,0.0003832374640594036,0.0018264282157774067,0.0009026760064000124,-0.001894595791127467,-0.00022517030265077774,-0.00047466743338095484,0.0005266247361502304,0.17125296592712402,-16.7935733795166,0.14470386505126953,20.48520278930664,0.8858175277709961,2.2556393146514893,-0.10456027835607529
1692286081456376113,421,1692286081455466680,,panda_joint1,panda_joint2,panda_joint3,panda_joint4,panda_joint5,panda_joint6,panda_joint7,-0.10479736657669,-0.30885889538785993,-0.02030911403498192,-1.6853583953793816,0.03984739803936747,1.516780634529702,0.7925983279908482,-0.0003353771036829828,0.00010270386644403084,0.0006297496309876007,0.0030285191003510178,-0.0013564035865213362,0.0007107974837539437,0.0011145286254057299,0.286304235458374,-16.9760684967041,0.25975513458251953,20.75497817993164,0.8858175277709961,2.2904293537139893,-0.12470187991857529
1692286081490042979,422,1692286081489457155,,panda_joint1,panda_joint2,panda_joint3,panda_joint4,panda_joint5,panda_joint6,panda_joint7,-0.10479211208543172,-0.30885539010836405,-0.02030010891076139,-1.6853605859702265,0.03984763980692632,1.5167774810506136,0.7926042593033139,-5.485018361316282e-05,0.0014123902123823412,0.0005607095935531568,-0.009117057556125505,-9.024967606093115e-05,-0.0016454318792968052,0.005483997850778284,0.21092581748962402,-17.0157413482666,0.10899829864501953,20.83035659790039,0.8803243637084961,2.3188107013702393,-0.11096896976232529
1692286081524123592,423,1692286081523415351,,panda_joint1,panda_joint2,panda_joint3,panda_joint4,panda_joint5,panda_joint6,panda_joint7,-0.10479210546378612,-0.3088790890485439,-0.02030516281144959,-1.6853371332634686,0.03984872046775288,1.5167853138438272,0.7926033978430171,-0.001135925779648485,-0.0009195813337827969,-0.0006154912915360471,0.0007600911487386309,-0.0018684804029623489,-0.00028353887450666105,0.00048559725212733165,0.24663138389587402,-16.7221622467041,0.18437671661376953,20.48520278930664,0.8739156723022461,2.2483150959014893,-0.13111057877540588
1692286081558061892,424,1692286081557401302,,panda_joint1,panda_joint2,panda_joint3,panda_joint4,panda_joint5,panda_joint6,panda_joint7,-0.10479208577829432,-0.3088844620536128,-0.020310854991891013,-1.6853525122090387,0.03984739803936747,1.516780739439857,0.7926025665677411,0.0007782062370108318,0.0003314576722181545,-0.0012487109784736065,-0.0006727244429655164,-0.00038218783138450733,-0.000522073452200792,0.00040454042731104945,0.21092581748962402,-16.64678382873535,0.29546070098876953,20.71530532836914,0.8858175277709961,2.3188107013702393,-0.12470187991857529
1692286081592209794,425,1692286081591465501,,panda_joint1,panda_joint2,panda_joint3,panda_joint4,panda_joint5,panda_joint6,panda_joint7,-0.10478679597208228,-0.30887386979090076,-0.02030519141531763,-1.6853333421841,0.03984800839092718,1.5167861276459105,0.792603990709878,0.0009762159299662485,0.0007364859995127354,-0.00028574027677472406,-0.0008748790528171892,-0.0001575931632925759,-0.000374715456750554,0.0011275682178716706,0.13554739952087402,-16.7935733795166,0.18437671661376953,20.44552993774414,0.8803243637084961,2.2409908771514893,-0.13751927018165588
1692286081626465390,426,1692286081625395921,,panda_joint1,panda_joint2,panda_joint3,panda_joint4,panda_joint5,panda_joint6,panda_joint7,-0.10479459171675884,-0.30884821761834164,-0.020303324281623545,-1.685358881051536,0.03984739803936747,1.516778167680173,0.7925989044460292,-0.0013663608393809704,0.000826022181040879,0.0009613100057875557,0.001610815802198877,-7.690966221873646e-05,0.0004410607728403725,-0.0005735129653530977,0.24663138389587402,-17.12285804748535,0.14470386505126953,20.79465103149414,0.8858175277709961,2.2840206623077393,-0.09174289554357529
1692286081660433340,427,1692286081659449009,,panda_joint1,panda_joint2,panda_joint3,panda_joint4,panda_joint5,panda_joint6,panda_joint7,-0.10478931049154186,-0.30887643687600697,-0.020303088626900334,-1.6853497546039167,0.039847398039359196,1.5167821603428007,0.7926026062920584,0.006836834817682016,-0.0006640574330389356,0.0015965030488112153,-0.002053293622862112,-0.00025146113173843453,-0.0001238120141070847,0.0002734186306959977,0.17125296592712402,-16.75786781311035,0.14470386505126953,20.67563247680664,0.8858175277709961,2.2766964435577393,-0.12470187991857529
1692286081694193164,428,1692286081693438496,,panda_joint1,panda_joint2,panda_joint3,panda_joint4,panda_joint5,panda_joint6,panda_joint7,-0.10478930171898168,-0.3088819653526712,-0.020295236846073452,-1.6853363646663742,0.03984727956593773,1.516784498642026,0.7925993994349949,-0.00032202646002195,0.0015056385943472686,0.0012926821832648344,0.0009295188600804618,-0.00019828685090512676,0.00023360369939216726,-0.0001837291317093827,0.17125296592712402,-16.6824893951416,0.07329273223876953,20.48520278930664,0.8858175277709961,2.2556393146514893,-0.09174289554357529
1692286081729325069,429,1692286081728647467,,panda_joint1,panda_joint2,panda_joint3,panda_joint4,panda_joint5,panda_joint6,panda_joint7,-0.10479009093351421,-0.308875986910701,-0.020310831583985632,-1.6853532009738388,0.03984739754981613,1.5167788891939464,0.7925989486099797,0.008578113535760445,-0.0010411654936407515,-0.0021095920505396215,-0.001156510643447547,-1.6898879725380647e-05,-0.0005143899630070595,-0.0006608544530051274,0.17125296592712402,-16.75786781311035,0.29546070098876953,20.71530532836914,0.8858175277709961,2.3050777912139893,-0.09174289554357529
1692286081762995187,430,1692286081762421557,,panda_joint1,panda_joint2,panda_joint3,panda_joint4,panda_joint5,panda_joint6,panda_joint7,-0.1047914356158448,-0.30886820816770133,-0.02030103982933911,-1.6853444387506797,0.03984348717994159,1.5167821602530838,0.79260139848606,0.0010496527374210896,-0.00027982433098018935,0.0008500658529894127,0.0008026435519457177,-0.00033021573681712036,-0.0003379838346488555,1.9640217448891824e-05,0.17125296592712402,-16.9046573638916,0.14470386505126953,20.60025405883789,0.8922262191772461,2.2766964435577393,-0.11096896976232529
1692286081797419203,431,1692286081796412267,,panda_joint1,panda_joint2,panda_joint3,panda_joint4,panda_joint5,panda_joint6,panda_joint7,-0.1047892487797821,-0.3088685638949497,-0.02029774250119312,-1.6853472319435792,0.03984800692227594,1.516782974162838,0.7925997504614628,0.0051199894854011534,-0.002155322798797723,0.0013066525200542245,0.000919604635711476,-7.515483175582333e-05,0.00019281905477514644,-0.0002343538451950202,0.17125296592712402,-16.82927894592285,0.10899829864501953,20.63992691040039,0.8803243637084961,2.2693722248077393,-0.09815158694982529
1692286081831140307,432,1692286081830488448,,panda_joint1,panda_joint2,panda_joint3,panda_joint4,panda_joint5,panda_joint6,panda_joint7,-0.10479532354675072,-0.30887896013525296,-0.020308348583257734,-1.6853416798978829,0.039848008390905194,1.5167812288749116,0.7925979571243821,-0.0010712722643740128,9.395659522537457e-05,-0.00021435197320656242,0.0007337770699029154,6.601066321620017e-05,-9.342380131703869e-05,-0.0016878768731870021,0.286304235458374,-16.7221622467041,0.25975513458251953,20.56058120727539,0.8803243637084961,2.2840206623077393,-0.07892551273107529
1692286081865361588,433,1692286081864440393,,panda_joint1,panda_joint2,panda_joint3,panda_joint4,panda_joint5,panda_joint6,panda_joint7,-0.10478930182680156,-0.30888439156995157,-0.020303296542071872,-1.6853416543759852,0.039847652970640746,1.5167837744522754,0.7926034024152231,0.000704886845646833,-0.000505028426811736,3.525931455499268e-05,0.00014264435742301492,0.0001817629189507596,-0.00019037971676653356,0.0008260424047875218,0.17125296592712402,-16.64678382873535,0.18437671661376953,20.56058120727539,0.8803243637084961,2.2620480060577393,-0.13111057877540588
1692286081899458149,434,1692286081898387863,,panda_joint1,panda_joint2,panda_joint3,panda_joint4,panda_joint5,panda_joint6,panda_joint7,-0.10478682139740866,-0.30886675208838243,-0.020305538844952665,-1.6853444412819698,0.039847384875653036,1.5167781628536319,0.7926037588683758,-0.0008270941995052415,-0.0007205253719001569,-0.0011811336550997082,0.0016699512493865186,-0.00019327709363071166,-7.436050193588125e-05,0.0009990726441336478,0.13554739952087402,-16.86895179748535,0.22008228302001953,20.60025405883789,0.8858175277709961,2.2840206623077393,-0.12470187991857529
1692286081933505754,435,1692286081932405964,,panda_joint1,panda_joint2,panda_joint3,panda_joint4,panda_joint5,panda_joint6,panda_joint7,-0.10479483447400659,-0.3088660798724234,-0.02030303253798564,-1.6853497281609442,0.039848008065647623,1.5167811007744625,0.7926021179694304,0.0008753104481355836,7.939350691179844e-05,0.00044478951119500946,-0.00133929140604708,-3.574044731939879e-05,2.3238214116255467e-05,0.0005351554250075239,0.24663138389587402,-16.9046573638916,0.18437671661376953,20.67563247680664,0.8803243637084961,2.2766964435577393,-0.11096896976232529
1692286081967142351,436,1692286081966434347,,panda_joint1,panda_joint2,panda_joint3,panda_joint4,panda_joint5,panda_joint6,panda_joint7,-0.10478953848148202,-0.30887419650811926,-0.02030304112555192,-1.6853472226047959,0.03984796889978672,1.5167829740550935,0.7926057854265003,0.00020615680408661672,0.0008052898464447154,0.004327986129656313,-0.0002632042207903291,3.0150458503662227e-05,-0.00024132528298871205,0.0009301387324559431,0.17125296592712402,-16.7935733795166,0.18437671661376953,20.63992691040039,0.8803243637084961,2.2693722248077393,-0.12470187991857529
1692286082001144213,437,1692286082000389564,,panda_joint1,panda_joint2,panda_joint3,panda_joint4,panda_joint5,panda_joint6,panda_joint7,-0.10479280494428149,-0.3088767021538784,-0.020307668793829944,-1.685344438540717,0.03984799522721555,1.5167821604137028,0.7926058923548125,0.0002567085771002065,0.0008362041767996914,-0.0006819065500777739,0.0004091945292709399,2.789766294784984e-05,5.443807168105185e-05,0.0019464571948423423,0.21092581748962402,-16.75786781311035,0.22008228302001953,20.60025405883789,0.8803243637084961,2.2766964435577393,-0.15033665299415588
1692286082035396551,438,1692286082034445738,,panda_joint1,panda_joint2,panda_joint3,panda_joint4,panda_joint5,panda_joint6,panda_joint7,-0.1047945915764253,-0.3088741965126573,-0.020307702884973678,-1.6853472224954973,0.0398480083889236,1.5167829349708135,0.7926032982477319,-0.0009426039006986547,-0.0006984410639933895,-0.0008775724950962073,-0.0006854940141961514,-0.00019139966525170144,-8.007335545366416e-05,0.0008517239521714556,0.24663138389587402,-16.7935733795166,0.22008228302001953,20.63992691040039,0.8803243637084961,2.2693722248077393,-0.11829318851232529
1692286082069601496,439,1692286082068405319,,panda_joint1,panda_joint2,panda_joint3,panda_joint4,panda_joint5,panda_joint6,panda_joint7,-0.10479421664434647,-0.30886673443192864,-0.02030025692153347,-1.6853472224954973,0.03984739803936747,1.5167829348093163,0.792604127600889,-0.0005957212748595109,0.0003162949110719662,0.0003950049038949219,0.0009201045934730524,-0.00024806133932008206,4.942010429721006e-05,0.0013540681044752034,0.21092581748962402,-16.86895179748535,0.14470386505126953,20.63992691040039,0.8858175277709961,2.2693722248077393,-0.13751927018165588
1692286082103301718,440,1692286082102371584,,panda_joint1,panda_joint2,panda_joint3,panda_joint4,panda_joint5,panda_joint6,panda_joint7,-0.10479421696912329,-0.30886675122027335,-0.020307749287736293,-1.6853497281492855,0.039848008390929966,1.516781227419619,0.7926070175383163,-0.0004525832430410408,0.0010120936299524578,-0.002121189577037225,-0.0005468736115993129,0.0002124776058086775,-0.0005264114673634494,0.00042002958975580516,0.21092581748962402,-16.86895179748535,0.22008228302001953,20.67563247680664,0.8803243637084961,2.2840206623077393,-0.12470187991857529
1692286082137024764,441,1692286082136466456,,panda_joint1,panda_joint2,panda_joint3,panda_joint4,panda_joint5,panda_joint6,panda_joint7,-0.10478679703864067,-0.3088819652798628,-0.020303032321645438,-1.6853444412701615,0.03984739755182249,1.5167809830382255,0.7926019368195756,0.0009808678131715638,-0.0008070722103861369,0.0006198543251685677,0.0008036552655610804,-0.00034281317805633614,-0.00043999071836319794,-0.0012585150675904877,0.13554739952087402,-16.6824893951416,0.18437671661376953,20.60025405883789,0.8858175277709961,2.2766964435577393,-0.07892551273107529
1692286082171839141,442,1692286082170391101,,panda_joint1,panda_joint2,panda_joint3,panda_joint4,panda_joint5,panda_joint6,panda_joint7,-0.10478930182730689,-0.3088716975327356,-0.020300271522297658,-1.6853416544109725,0.039848008390929966,1.5167797821664974,0.7926038160635593,0.0009804091507302306,0.00015066599513029208,0.0005186052103614195,0.0012854561294725854,-4.765860981647265e-05,-3.828263957474955e-06,0.0009425340059588189,0.17125296592712402,-16.7935733795166,0.14470386505126953,20.56058120727539,0.8803243637084961,2.2693722248077393,-0.12470187991857529
1692286082205327559,443,1692286082204384526,,panda_joint1,panda_joint2,panda_joint3,panda_joint4,panda_joint5,panda_joint6,panda_joint7,-0.10479429556530928,-0.30886890647206616,-0.020300327030442503,-1.6853444469390073,0.03984739657673253,1.5167820412055242,0.7926065416656909,-0.0007311646999104094,0.00023490608005852527,0.001118710167855255,0.0003652801069007544,-0.00010666037648128801,-4.8724658664716176e-05,0.0012545510847596702,0.21092581748962402,-16.86895179748535,0.14470386505126953,20.60025405883789,0.8858175277709961,2.2766964435577393,-0.13111057877540588
1692286082239150351,444,1692286082238368965,,panda_joint1,panda_joint2,panda_joint3,panda_joint4,panda_joint5,panda_joint6,panda_joint7,-0.10478930172254584,-0.30887340178256484,-0.02030374209216691,-1.685350416914064,0.039848008390929966,1.5167821603959797,0.7926022562731783,0.0005730958227401372,-0.000422798988779511,-0.0006998338320031729,-0.0008734796078603493,0.00012869380687385444,-0.00040025058767652235,0.0003165363829471605,0.17125296592712402,-16.7935733795166,0.18437671661376953,20.67563247680664,0.8803243637084961,2.2766964435577393,-0.11829318851232529
1692286082273857982,445,1692286082272408669,,panda_joint1,panda_joint2,panda_joint3,panda_joint4,panda_joint5,panda_joint6,panda_joint7,-0.1047921647112886,-0.30887670169358217,-0.020303743061925346,-1.6853444387506795,0.03984734538450888,1.5167819145785408,0.7925994004909226,-0.00042433718432347445,-0.0003885507388088861,-0.0003767059047322222,0.005242766929250869,-9.51812736791076e-05,0.004988254256854249,-0.000543980909891971,0.21092581748962402,-16.75786781311035,0.18437671661376953,20.60025405883789,0.8858175277709961,2.2693722248077393,-0.09174289554357529
1692286082306945654,446,1692286082306388356,,panda_joint1,panda_joint2,panda_joint3,panda_joint4,panda_joint5,panda_joint6,panda_joint7,-0.10479151150154234,-0.30887489630409376,-0.020303032214738476,-1.6853498046787012,0.03984348717991682,1.516782160432982,0.7926014191925922,0.0006729526868052754,0.0009020992193015524,-0.00034272098268398586,-0.0028132104696006284,-0.009732729655838141,0.0005505260192058043,0.0007119761011950888,0.17125296592712402,-16.7935733795166,0.18437671661376953,20.67563247680664,0.8922262191772461,2.2766964435577393,-0.10456027835607529
1692286082341055522,447,1692286082340423276,,panda_joint1,panda_joint2,panda_joint3,panda_joint4,panda_joint5,panda_joint6,panda_joint7,-0.10479212117907351,-0.3088688324250615,-0.02029845248415535,-1.6853474775935653,0.0398473936494563,1.51678191457854,0.7926041556091227,-0.0008092742348922621,-0.0006572464653862573,0.0016352825133126706,-0.0006120809585900865,-3.3925828178080115e-05,0.00011238985123628308,0.00119694454797915,0.21092581748962402,-16.82927894592285,0.10899829864501953,20.63992691040039,0.8858175277709961,2.2693722248077393,-0.13751927018165588
1692286082375035130,448,1692286082374370396,,panda_joint1,panda_joint2,panda_joint3,panda_joint4,panda_joint5,panda_joint6,panda_joint7,-0.10479212085339076,-0.3088692180301454,-0.02030303330738214,-1.6853444639455932,0.03984633177248074,1.516782119553676,0.7926021196045275,-0.000721429563507772,-0.00011204076487309064,0.00010862575435166825,0.0012248004813757958,-0.00030807402427225747,0.00013025703293472046,-0.00026859042795951215,0.21092581748962402,-16.82927894592285,0.18437671661376953,20.60025405883789,0.8858175277709961,2.2766964435577393,-0.11096896976232529
1692286082409330139,449,1692286082408391140,,panda_joint1,panda_joint2,panda_joint3,panda_joint4,panda_joint5,panda_joint6,panda_joint7,-0.10479000339460356,-0.3088741865746804,-0.02030032811190901,-1.6853474520837586,0.039848008390929855,1.516782616588738,0.792602261675603,0.00048531779033000514,-0.0005478268667464341,0.0009154211640600705,0.00041012649864751,-3.987481895314699e-05,6.345603037531085e-05,-0.00022689464578438568,0.17125296592712402,-16.7935733795166,0.14470386505126953,20.63992691040039,0.8803243637084961,2.2693722248077393,-0.09174289554357529
1692286082443346235,450,1692286082442419347,,panda_joint1,panda_joint2,panda_joint3,panda_joint4,panda_joint5,panda_joint6,panda_joint7,-0.1047912224534589,-0.3088741876809937,-0.020303033299813065,-1.6853472225071615,0.039847398039342695,1.5167809933997143,0.7925983120633455,0.00011455650480951432,0.0007762688312373731,0.000331562386635259,-0.00012692431101771619,-0.00018971253487760076,-0.00038722625358635006,-0.001150223408148195,0.17125296592712402,-16.7935733795166,0.18437671661376953,20.63992691040039,0.8858175277709961,2.2840206623077393,-0.08533420413732529
1692286082477146888,451,1692286082476419495,,panda_joint1,panda_joint2,panda_joint3,panda_joint4,panda_joint5,panda_joint6,panda_joint7,-0.10479422837643647,-0.30887073620206507,-0.020300514316103295,-1.6853416543759798,0.03984727956593773,1.5167837487728968,0.7926019059114624,0.0003005776165506637,-9.952833599910872e-05,0.0005943904389213452,0.0017807637968645415,-0.0002556174497898383,-0.00018116669308819488,-0.0009312015327375534,0.21092581748962402,-16.82927894592285,0.14470386505126953,20.56058120727539,0.8858175277709961,2.2620480060577393,-0.07892551273107529
1692286082511382868,452,1692286082510552537,,panda_joint1,panda_joint2,panda_joint3,panda_joint4,panda_joint5,panda_joint6,panda_joint7,-0.10479530184521872,-0.3088713729654841,-0.020303268995098052,-1.6853472990249194,0.039846685962544544,1.5167829611167756,0.7925957785277865,-0.001816674230408162,0.0010482080474971858,0.0002956122696791909,0.0007343239499734527,-0.000340746987373454,-4.078582838729603e-06,-0.0022152070969062667,0.24663138389587402,-16.82927894592285,0.18437671661376953,20.63992691040039,0.8922262191772461,2.2693722248077393,-0.058783914893865585
1692286082545340671,453,1692286082544725621,,panda_joint1,panda_joint2,panda_joint3,panda_joint4,panda_joint5,panda_joint6,panda_joint7,-0.10479209454788525,-0.3088741955274732,-0.020303032265542927,-1.6853444384358824,0.03984800822774615,1.5167848610658865,0.7925968229076409,3.248012825042687e-05,-0.0013358185439992668,3.2703654052360355e-05,0.0009352472161611473,-0.00010962949827815566,0.0006506340472052589,-0.0007137402344909193,0.21092581748962402,-16.7935733795166,0.18437671661376953,20.60025405883789,0.8803243637084961,2.2620480060577393,-0.07251682132482529
1692286082579432088,454,1692286082578378734,,panda_joint1,panda_joint2,panda_joint3,panda_joint4,panda_joint5,panda_joint6,panda_joint7,-0.10479280885366023,-0.30887169085732724,-0.0203077726594346,-1.6853479112602814,0.03984727956593773,1.5167837327700466,0.7926040349303594,-0.0004407590718905511,0.000819384833854074,-0.0011799198849439497,-0.0004896552034901098,1.8831266475866976e-05,2.864021585216201e-05,0.0018294200096144648,0.21092581748962402,-16.82927894592285,0.22008228302001953,20.63992691040039,0.8858175277709961,2.2693722248077393,-0.13751927018165588
1692286082613525707,455,1692286082612442616,,panda_joint1,panda_joint2,panda_joint3,panda_joint4,panda_joint5,panda_joint6,panda_joint7,-0.10479024877062647,-0.3088734779823943,-0.020303350995902133,-1.6853465047300906,0.03984800692829503,1.5167818205922599,0.7926050832194032,-0.00207043056163183,6.940918680123077e-05,-3.4669378771534018e-06,0.000840477793706652,6.47936751951698e-05,-0.0002015739158905099,0.0013224375103214304,0.17125296592712402,-16.7935733795166,0.18437671661376953,20.60025405883789,0.8803243637084961,2.2766964435577393,-0.13751927018165588
1692286082647586897,456,1692286082646421536,,panda_joint1,panda_joint2,panda_joint3,panda_joint4,panda_joint5,panda_joint6,panda_joint7,-0.10478932803092009,-0.3088716643625376,-0.020310539514822566,-1.6853416543760278,0.039847398037361106,1.516781454193618,0.7926065610954669,0.0009401654057614207,0.0007966752185117479,0.005160600179136472,0.0012864977206353998,-0.0002562802377143874,-0.0005106908980082063,0.0013120403143288193,0.17125296592712402,-16.82927894592285,0.25975513458251953,20.56058120727539,0.8858175277709961,2.2840206623077393,-0.11829318851232529
1692286082681502240,457,1692286082680433937,,panda_joint1,panda_joint2,panda_joint3,panda_joint4,panda_joint5,panda_joint6,panda_joint7,-0.10479290133108955,-0.3088695421441782,-0.020303981650553436,-1.6853472480053058,0.03984694213006231,1.5167829861721236,0.792609486440852,-0.0007275925998078642,-0.004142748680496719,-0.00023331296451216545,-0.0024371650943276085,3.6075760581020897e-05,0.00017460942813096145,0.0013430720781813714,0.21092581748962402,-16.82927894592285,0.18437671661376953,20.63992691040039,0.8803243637084961,2.2693722248077393,-0.14392796158790588
1692286082715504546,458,1692286082714400931,,panda_joint1,panda_joint2,panda_joint3,panda_joint4,panda_joint5,panda_joint6,panda_joint7,-0.1047895384814876,-0.3088741170352947,-0.020300283533770613,-1.6853472224954973,0.03984872046775288,1.5167829354494982,0.792607742852024,0.001024973251925057,-0.0003751870125771279,0.0008575411297772397,-0.0008122119017770067,0.00033219572154939394,-0.00015252245336124683,0.0014245343705782713,0.17125296592712402,-16.7935733795166,0.14470386505126953,20.63992691040039,0.8739156723022461,2.2693722248077393,-0.13111057877540588
1692286082749841614,459,1692286082748656573,,panda_joint1,panda_joint2,panda_joint3,panda_joint4,panda_joint5,panda_joint6,panda_joint7,-0.10478930184030943,-0.3088686673626008,-0.02030305850505506,-1.6853472224954973,0.0398480083367583,1.5167826210223567,0.7926039625865822,0.0004082231618365724,0.0022187943347651232,-0.00020127248633263641,-0.0009007669762428938,-1.2593136522691673e-05,0.000425714237725453,-0.00026194860108562807,0.17125296592712402,-16.86895179748535,0.18437671661376953,20.63992691040039,0.8803243637084961,2.2693722248077393,-0.09815158694982529
1692286082783442754,460,1692286082782364839,,panda_joint1,panda_joint2,panda_joint3,panda_joint4,panda_joint5,panda_joint6,panda_joint7,-0.10478759404354632,-0.30887145240395647,-0.020304057592068697,-1.6853472225084576,0.03984739785880349,1.5167829741568557,0.792599391077885,0.001288369720512493,-9.600986471669446e-05,-0.00027880811832656536,8.042588106616193e-05,4.0042486246402525e-05,-1.2236598768743623e-05,-0.0003903366930426579,0.13554739952087402,-16.82927894592285,0.18437671661376953,20.63992691040039,0.8858175277709961,2.2693722248077393,-0.08533420413732529
1692286082817548524,461,1692286082816493649,,panda_joint1,panda_joint2,panda_joint3,panda_joint4,panda_joint5,panda_joint6,panda_joint7,-0.10479467038912908,-0.30887169085886695,-0.020305540788497393,-1.6853444384370344,0.039846075610982044,1.5167821604145884,0.7926041606669119,-0.00125428845818194,0.0002374163130998694,-0.0005164082116994661,0.0011333663191935425,-0.000573605979970308,0.0017472353909220345,0.0013175813333400135,0.24663138389587402,-16.82927894592285,0.22008228302001953,20.60025405883789,0.8977193832397461,2.2766964435577393,-0.12470187991857529
1692286082851273308,462,1692286082850400889,,panda_joint1,panda_joint2,panda_joint3,panda_joint4,panda_joint5,panda_joint6,panda_joint7,-0.10479001204350477,-0.30887419647586983,-0.020300249132746546,-1.6853472224956412,0.039843447688575416,1.5167789814822563,0.7925990641013274,0.0005533146490702245,3.425855370574105e-05,0.0008792538286196604,-0.0008879199598002453,-0.0002054111329524577,-0.0003051821737820054,-0.00021757972999244046,0.17125296592712402,-16.7935733795166,0.14470386505126953,20.63992691040039,0.8922262191772461,2.2766964435577393,-0.09174289554357529
1692286082885212510,463,1692286082884435314,,panda_joint1,panda_joint2,panda_joint3,panda_joint4,panda_joint5,panda_joint6,panda_joint7,-0.10479167338916073,-0.30887526794840686,-0.020308403657889773,-1.685347248005448,0.03984800817402038,1.5167821206124357,0.7926063076341179,-0.004912244405995295,-0.00128334862456341,-0.0006761356620302152,-0.00044951036381548953,0.00016062983938380982,-0.0002347046918095825,0.0019319167785436932,0.17125296592712402,-16.75786781311035,0.22008228302001953,20.63992691040039,0.8803243637084961,2.2766964435577393,-0.14392796158790588
1692286082919275469,464,1692286082918412365,,panda_joint1,panda_joint2,panda_joint3,panda_joint4,panda_joint5,panda_joint6,panda_joint7,-0.10479222482549892,-0.308873480929705,-0.02030382129217411,-1.6853472224954973,0.039847533991608806,1.5167821473326288,0.7926076296004478,0.0005587655917723204,6.423705999912363e-05,0.007490646441123885,-0.0008889905248556607,7.436091751717427e-05,-0.0003057634918443981,0.0008995954947751786,0.17125296592712402,-16.7935733795166,0.18437671661376953,20.63992691040039,0.8803243637084961,2.2766964435577393,-0.13111057877540588
1692286082953576264,465,1692286082952372272,,panda_joint1,panda_joint2,panda_joint3,panda_joint4,panda_joint5,panda_joint6,panda_joint7,-0.1047955389167111,-0.3088766988959521,-0.02030326895858539,-1.6853499577375415,0.03984788991749744,1.5167829742166483,0.7926030070737115,-0.0009042393261047759,-0.0007316716286460199,9.574275077261093e-05,-0.001961951198194187,8.627436805807875e-05,-0.00021567690919757445,-0.0009801504823448988,0.24663138389587402,-16.75786781311035,0.18437671661376953,20.67563247680664,0.8803243637084961,2.2693722248077393,-0.08533420413732529
1692286082987426591,466,1692286082986407492,,panda_joint1,panda_joint2,panda_joint3,panda_joint4,panda_joint5,panda_joint6,panda_joint7,-0.1047895503338114,-0.3088720478020061,-0.02030327274673783,-1.6853416543876438,0.039844809608327016,1.5167833357751754,0.7926019378461249,0.000727837821266649,-0.0006618947458022968,-0.0002320285703189239,0.0010251912736764916,0.0001523792979992814,-0.00013127603281355764,-0.0005083350902397593,0.17125296592712402,-16.7935733795166,0.18437671661376953,20.56058120727539,0.8803243637084961,2.2693722248077393,-0.10456027835607529
1692286083021575388,467,1692286083020448708,,panda_joint1,panda_joint2,panda_joint3,panda_joint4,panda_joint5,panda_joint6,panda_joint7,-0.10479143258612883,-0.30887181229032196,-0.020303743061925342,-1.6853472224954973,0.039849432526518576,1.5167837487728995,0.792603374788322,0.0008005877790760682,0.00047107886721640025,0.0003255472885145154,-0.0014211194651660866,0.00046680583919764176,0.00025482427696502916,-0.0005832878664377705,0.17125296592712402,-16.7935733795166,0.18437671661376953,20.63992691040039,0.8675069808959961,2.2620480060577393,-0.09174289554357529
1692286083059420538,468,1692286083054533909,,panda_joint1,panda_joint2,panda_joint3,panda_joint4,panda_joint5,panda_joint6,panda_joint7,-0.1047875853104887,-0.30887204780185656,-0.020300248201780557,-1.6853472489501116,0.03984739796713858,1.5167829611347123,0.7926012341244569,0.0007192796228520527,-0.0009455384461451182,0.00015235483137715378,-0.00024380411162058365,-9.316589411649816e-05,0.00012091106290611307,-0.0012731370045115356,0.13554739952087402,-16.7935733795166,0.14470386505126953,20.63992691040039,0.8858175277709961,2.2693722248077393,-0.07251682132482529
1692286083088992464,469,1692286083088376208,,panda_joint1,panda_joint2,panda_joint3,panda_joint4,panda_joint5,panda_joint6,panda_joint7,-0.10479211219494741,-0.30887419542109323,-0.020305777430037465,-1.6853416543798678,0.03984872046775288,1.5167837747513677,0.7926058686282743,-0.000622099147240192,-0.00038813219391134387,-0.001340602570484518,0.0013771149204067194,0.0001659404248845831,0.0003184552386819119,0.0001912391983187689,0.21092581748962402,-16.7935733795166,0.22008228302001953,20.56058120727539,0.8739156723022461,2.2620480060577393,-0.11096896976232529
1692286083123026608,470,1692286083122350222,,panda_joint1,panda_joint2,panda_joint3,panda_joint4,panda_joint5,panda_joint6,panda_joint7,-0.10479211339691817,-0.3088720504129392,-0.020308321967017626,-1.68534650723976,0.03984800839092905,1.5167816894643094,0.7926087789435432,-0.0004829192926105034,-3.348289854590713e-05,-0.0008683846149313943,-0.0001649063803612128,8.324963035030249e-05,-0.0005597375452406373,0.001346063727416255,0.21092581748962402,-16.7935733795166,0.25975513458251953,20.63992691040039,0.8803243637084961,2.2766964435577393,-0.13751927018165588
1692286083156959573,471,1692286083156392586,,panda_joint1,panda_joint2,panda_joint3,panda_joint4,panda_joint5,panda_joint6,panda_joint7,-0.10479208589858846,-0.30887145243894937,-0.020298461499158267,-1.6853444384357545,0.03984800692829503,1.516784382358001,0.7926058817286173,-0.0003418855300082735,8.527608685600815e-05,0.0017298772973861603,5.3099513882933786e-05,1.9955556214934335e-05,-0.009774963297360051,0.005510370993106035,0.21092581748962402,-16.82927894592285,0.10899829864501953,20.60025405883789,0.8803243637084961,2.2556393146514893,-0.11096896976232529
1692286083191939689,472,1692286083190431380,,panda_joint1,panda_joint2,panda_joint3,panda_joint4,panda_joint5,panda_joint6,panda_joint7,-0.10479003941017097,-0.308874196403641,-0.020305538191817935,-1.6853479112602812,0.03984704261907549,1.5167797953022846,0.7926091699500878,0.00026144053450909626,0.00015311191689978078,-0.0012017883421814235,-0.00023574402581453803,-0.00019767011620137854,-2.2120853686995808e-05,-0.004065817338793289,0.17125296592712402,-16.7935733795166,0.22008228302001953,20.63992691040039,0.8858175277709961,2.2693722248077393,-0.15033665299415588
1692286083225842657,473,1692286083224362015,,panda_joint1,panda_joint2,panda_joint3,panda_joint4,panda_joint5,panda_joint6,panda_joint7,-0.1047942434250773,-0.30887419553151085,-0.02030303268627326,-1.6853472225006811,0.03984739365143789,1.5167833348061501,0.792605868646668,-0.00037582527322309117,-0.00018031785112811364,-0.0005266639286666207,-0.000720402366087053,-0.0002543593058206579,-0.00013726539127956416,-0.00014941380289949303,0.21092581748962402,-16.7935733795166,0.18437671661376953,20.63992691040039,0.8858175277709961,2.2693722248077393,-0.11096896976232529
1692286083259880974,474,1692286083258409768,,panda_joint1,panda_joint2,panda_joint3,panda_joint4,panda_joint5,panda_joint6,panda_joint7,-0.10479208610322169,-0.3088716113860128,-0.020303032214749654,-1.6853444384396266,0.039848707304038465,1.5167813466125062,0.7926095307588648,-0.0002358596190680106,0.0004483470515997572,-7.072041850463118e-05,0.00022493696992779372,0.0002874929594523662,-0.0063557563667811946,0.005143078383645819,0.21092581748962402,-16.82927894592285,0.18437671661376953,20.60025405883789,0.8739156723022461,2.2840206623077393,-0.14392796158790588
1692286083293065920,475,1692286083292377847,,panda_joint1,panda_joint2,panda_joint3,panda_joint4,panda_joint5,panda_joint6,panda_joint7,-0.10479495421435044,-0.30887670216639007,-0.020305628860119464,-1.685347222810433,0.03984561970167689,1.5167821604145895,0.7926075122631451,-0.000514190076103004,-0.001151807024721403,-0.00037017715660043625,-0.0007126447691404107,-0.0004756024059243998,1.8430641905745722e-05,-0.005300724489214967,0.21092581748962402,-16.75786781311035,0.22008228302001953,20.63992691040039,0.8922262191772461,2.2766964435577393,-0.12470187991857529
1692286083327309542,476,1692286083326439938,,panda_joint1,panda_joint2,panda_joint3,panda_joint4,panda_joint5,panda_joint6,panda_joint7,-0.10479216471129388,-0.30887395808987256,-0.02030049397568104,-1.6853437206703326,0.03984800400302512,1.5167826077006143,0.7926073944717307,-0.0008612151062318235,0.0012821787861458515,0.0005823912570727866,0.0013319090502916747,-7.915821086674199e-06,0.0002239053299464096,0.0007535562264019372,0.21092581748962402,-16.7935733795166,0.14470386505126953,20.56058120727539,0.8803243637084961,2.2693722248077393,-0.12470187991857529
1692286083361428168,477,1692286083360459422,,panda_joint1,panda_joint2,panda_joint3,panda_joint4,panda_joint5,panda_joint6,panda_joint7,-0.1047893020433634,-0.30886890676276024,-0.020303032321593927,-1.68534722253049,0.039847240074114686,1.5167806071663013,0.7926051565213186,0.0010239328510290087,0.0012792940850023537,-0.00013712239501172645,6.450930658793228e-05,-2.9439069925354224e-05,0.0006429877533779199,0.00017882106308421593,0.17125296592712402,-16.86895179748535,0.18437671661376953,20.63992691040039,0.8858175277709961,2.2620480060577393,-0.10456027835607529
1692286083395408967,478,1692286083394403264,,panda_joint1,panda_joint2,panda_joint3,panda_joint4,panda_joint5,panda_joint6,panda_joint7,-0.10479448069040086,-0.3088741965111452,-0.02030926940083252,-1.6853524832084164,0.03984788942995524,1.5167829742166727,0.7926071548525895,-0.00015443119155855554,-0.00019572194645430194,-0.0008883849589193595,-0.002233484172074668,-0.002145488131990105,-5.562124509514809e-05,0.003506946183406323,0.21092581748962402,-16.7935733795166,0.25975513458251953,20.67563247680664,0.8803243637084961,2.2693722248077393,-0.11829318851232529
1692286083429207894,479,1692286083428399039,,panda_joint1,panda_joint2,panda_joint3,panda_joint4,panda_joint5,panda_joint6,panda_joint7,-0.10479241023115042,-0.30887659620202823,-0.02030375085205128,-1.6853444384357386,0.03984800784918855,1.5167810993226887,0.7926007823836472,0.005697977642247579,-0.0010614293710177337,-0.00019168312216657175,0.0007278061208246947,2.427256783219891e-05,-0.00010098989373986481,-0.0022208098822140273,0.21092581748962402,-16.75786781311035,0.18437671661376953,20.60025405883789,0.8803243637084961,2.2766964435577393,-0.06519260257482529
1692286083463453489,480,1692286083462531646,,panda_joint1,panda_joint2,panda_joint3,panda_joint4,panda_joint5,panda_joint6,panda_joint7,-0.10479743356515463,-0.3088716084060703,-0.020308403657887667,-1.6853444469390073,0.039846685962544544,1.5167829742160073,0.7926098839695807,-0.0006148826522909518,0.0002653095873624861,-0.00032930630438546873,0.00028315992061052564,0.0005701970825411128,5.5433399914274625e-05,0.00018598517562031132,0.24663138389587402,-16.82927894592285,0.22008228302001953,20.60025405883789,0.8922262191772461,2.2693722248077393,-0.14392796158790588
1692286083497124621,481,1692286083496362543,,panda_joint1,panda_joint2,panda_joint3,panda_joint4,panda_joint5,panda_joint6,panda_joint7,-0.10479211317337066,-0.3088716907498575,-0.020303041087013016,-1.6853497281492802,0.0398473936514599,1.5167822559741384,0.7926073959791491,-0.0011365277723928396,-1.758027051811537e-05,-0.00020005465775595787,-0.0014825464340606968,-9.236097799470789e-05,-5.038228542313442e-05,0.000933392053906466,0.21092581748962402,-16.82927894592285,0.18437671661376953,20.67563247680664,0.8858175277709961,2.2620480060577393,-0.12470187991857529
1692286083531351390,482,1692286083530391547,,panda_joint1,panda_joint2,panda_joint3,panda_joint4,panda_joint5,panda_joint6,panda_joint7,-0.1047893290003194,-0.308868906761512,-0.020300484778559252,-1.6853472990249183,0.039847354160096486,1.51677873550265,0.7926017006957716,0.0005461813134908132,0.001663596851591676,0.0007540295134724634,-0.00011290938893060541,-0.00010106563638210873,0.00028217728858801524,-0.0007212443781453122,0.17125296592712402,-16.86895179748535,0.14470386505126953,20.63992691040039,0.8858175277709961,2.2693722248077393,-0.07251682132482529
1692286083565203139,483,1692286083564389265,,panda_joint1,panda_joint2,panda_joint3,panda_joint4,panda_joint5,panda_joint6,panda_joint7,-0.1047924105563754,-0.30887598680167,-0.020305537880686658,-1.6853472309987714,0.03984632907961203,1.5167829742137928,0.7926095307568735,1.8573921110581872e-05,-0.0013243175204948818,-0.0004861380217343357,-0.00048735134929668523,-0.0005589707902721847,-9.000699082939995e-05,0.0018069500015044787,0.21092581748962402,-16.75786781311035,0.22008228302001953,20.63992691040039,0.8922262191772461,2.2693722248077393,-0.14392796158790588
1692286083599009164,484,1692286083598369167,,panda_joint1,panda_joint2,panda_joint3,panda_joint4,panda_joint5,panda_joint6,panda_joint7,-0.10479745602026996,-0.30887669329932943,-0.02030774640297368,-1.6853472224967931,0.03984800839092986,1.5167829741987278,0.792604203366479,-0.003754431831730989,-0.0023121554621334923,-0.00111719004921242,-0.0006786359394332713,7.18692628382792e-05,6.496633592769137e-05,-0.0004788180545121169,0.24663138389587402,-16.75786781311035,0.22008228302001953,20.63992691040039,0.8803243637084961,2.2693722248077393,-0.09174289554357529
1692286083633220052,485,1692286083632464456,,panda_joint1,panda_joint2,panda_joint3,panda_joint4,panda_joint5,panda_joint6,panda_joint7,-0.10479208581840774,-0.30887670114484844,-0.020303137380226627,-1.6853444384357439,0.039848366283708116,1.5167821603607297,0.7926076234074102,-1.4695443830249524e-05,-0.001715488098281541,0.0007168331136694822,0.000508419448456273,0.000593251432656894,-0.0003067896993115706,0.006044397015976852,0.21092581748962402,-16.75786781311035,0.18437671661376953,20.60025405883789,0.8675069808959961,2.2766964435577393,-0.09815158694982529
1692286083667425504,486,1692286083666383204,,panda_joint1,panda_joint2,panda_joint3,panda_joint4,panda_joint5,panda_joint6,panda_joint7,-0.1047946707861346,-0.30887137296339523,-0.020297769766619816,-1.6853416799907652,0.03984800692762614,1.5167821603607432,0.7926000703072381,-0.0009578833790579253,0.0005339241206057517,0.0022723354964858827,0.0010402765132968674,0.00011215870999162412,-0.0004556106125144665,9.136454435115706e-06,0.24663138389587402,-16.82927894592285,0.10899829864501953,20.56058120727539,0.8803243637084961,2.2766964435577393,-0.058783914893865585
1692286083701316030,487,1692286083700378553,,panda_joint1,panda_joint2,panda_joint3,panda_joint4,panda_joint5,panda_joint6,panda_joint7,-0.10478930280291283,-0.3088767021664383,-0.020299537865103266,-1.6853497281492802,0.03984479644461259,1.516783788018756,0.792605162384046,-0.00022407589439153377,-0.0013467807221179229,0.00034169311261932056,-0.0016721704425485548,0.0007825582618611073,0.000319849684603565,-0.009253902107720527,0.17125296592712402,-16.75786781311035,0.14470386505126953,20.67563247680664,0.8803243637084961,2.2620480060577393,-0.10456027835607529
1692286083735907070,488,1692286083734370471,,panda_joint1,panda_joint2,panda_joint3,panda_joint4,panda_joint5,panda_joint6,panda_joint7,-0.10479421711747919,-0.30886890679912105,-0.020303032325600576,-1.6853473018593406,0.039848715971420326,1.5167789813366195,0.7926098783181772,0.00010219707663150836,0.001717084585426661,-0.0002715706690372588,-0.0007563829027692138,0.0002761638792914915,-0.00033369726540435267,0.0012283927930640056,0.21092581748962402,-16.86895179748535,0.18437671661376953,20.63992691040039,0.8739156723022461,2.2766964435577393,-0.13751927018165588
1692286083769213866,489,1692286083768379198,,panda_joint1,panda_joint2,panda_joint3,panda_joint4,panda_joint5,panda_joint6,panda_joint7,-0.10479001590989814,-0.3088662951815198,-0.02030376838448439,-1.6853465047300906,0.03984739803936747,1.5167826195264862,0.7926037324181935,0.001159333352413024,0.0034154327488564486,1.0354851944004089e-05,0.0001814196122202401,-7.963759769485057e-05,-0.00018991668137180668,-0.0003939100181837241,0.17125296592712402,-16.9046573638916,0.18437671661376953,20.60025405883789,0.8858175277709961,2.2693722248077393,-0.09174289554357529
1692286083803530063,490,1692286083802383664,,panda_joint1,panda_joint2,panda_joint3,panda_joint4,panda_joint5,panda_joint6,panda_joint7,-0.10479025183747509,-0.30887072791413733,-0.020297743474084206,-1.6853474520837586,0.03984796889978672,1.5167829737142102,0.7925998061023742,0.00048017455930544065,0.00016029618879489764,0.0008303277970783594,-0.0009305483245114179,-4.3457892308375024e-05,0.00014937316556862468,-0.010381571213294534,0.17125296592712402,-16.82927894592285,0.10899829864501953,20.63992691040039,0.8803243637084961,2.2693722248077393,-0.08533420413732529
1692286083837105229,491,1692286083836378549,,panda_joint1,panda_joint2,panda_joint3,panda_joint4,panda_joint5,panda_joint6,panda_joint7,-0.10478938847427678,-0.30887395809004053,-0.02030095802845055,-1.6853472990262137,0.03984871607380423,1.5167815482838811,0.7926109549284617,0.0009360369230286597,1.909951494497891e-06,0.001300857390205475,-0.0011769583297072627,0.0003066977845137317,2.1154779320732016e-05,0.00125959479190378,0.17125296592712402,-16.7935733795166,0.14470386505126953,20.63992691040039,0.8739156723022461,2.2693722248077393,-0.15674534440040588
1692286083871191702,492,1692286083870388709,,panda_joint1,panda_joint2,panda_joint3,panda_joint4,panda_joint5,panda_joint6,panda_joint7,-0.10479743550981635,-0.3088741961856011,-0.02030303221404522,-1.6853444384357386,0.03984800838468795,1.5167837705216443,0.7926061992537671,-0.0010611276195207808,-0.00019741561165343482,8.32538322771395e-05,0.00036547288198100487,1.5568221221324595e-05,0.0002248755907726975,-0.0015653303927622279,0.24663138389587402,-16.7935733795166,0.18437671661376953,20.60025405883789,0.8803243637084961,2.2620480060577393,-0.08533420413732529
1692286083905303004,493,1692286083904380402,,panda_joint1,panda_joint2,panda_joint3,panda_joint4,panda_joint5,panda_joint6,panda_joint7,-0.10478961838935148,-0.3088720507454454,-0.020303768381153244,-1.6853472253299202,0.03984800839092995,1.516782728380602,0.7926068001863322,0.00045954850922258147,-0.0004970883099512745,1.256824823097494e-05,-0.001094487624985893,0.00015454557430355796,0.00027990801891242115,0.002400387161011989,0.17125296592712402,-16.7935733795166,0.18437671661376953,20.63992691040039,0.8803243637084961,2.2620480060577393,-0.11829318851232529
1692286083939343094,494,1692286083938393651,,panda_joint1,panda_joint2,panda_joint3,panda_joint4,panda_joint5,panda_joint6,panda_joint7,-0.10479430730957949,-0.30887628694502023,-0.020305541762685793,-1.6853444383993996,0.03984795524582741,1.5167845000895974,0.7926051173418587,-0.0005527744566774436,-0.00047093749885790214,3.874448269597545e-05,0.00048168265049233224,0.0001910312075547139,0.0005152694556149818,-0.0005314781182621058,0.21092581748962402,-16.7935733795166,0.22008228302001953,20.60025405883789,0.8803243637084961,2.2556393146514893,-0.10456027835607529
1692286083972947307,495,1692286083972381637,,panda_joint1,panda_joint2,panda_joint3,panda_joint4,panda_joint5,panda_joint6,panda_joint7,-0.10478931064940752,-0.30887169082208615,-0.020303111462586107,-1.6853472224959294,0.03984739803934268,1.5167821558924248,0.7926037324162238,-0.0002082305697751273,0.0004153094798293773,-0.0003066763756019089,-0.0006523083363583704,-0.00018743598726698681,-0.00014121907866898985,-0.0004384261568343924,0.17125296592712402,-16.82927894592285,0.18437671661376953,20.63992691040039,0.8858175277709961,2.2766964435577393,-0.09174289554357529
1692286084007411932,496,1692286084006356936,,panda_joint1,panda_joint2,panda_joint3,panda_joint4,panda_joint5,panda_joint6,panda_joint7,-0.10478941582780371,-0.30886890581796733,-0.020307670412762692,-1.6853472224955133,0.03984739787685217,1.5167787356581712,0.792606683908286,0.0067468691267777966,0.001269575761530917,-0.0010093974642020524,-0.000321000857990894,0.00510404109166526,0.0017981164278615851,0.00029200585508656494,0.17125296592712402,-16.86895179748535,0.22008228302001953,20.63992691040039,0.8858175277709961,2.2693722248077393,-0.11829318851232529
1692286084041017726,497,1692286084040397758,,panda_joint1,panda_joint2,panda_joint3,panda_joint4,panda_joint5,panda_joint6,panda_joint7,-0.10479143660621862,-0.3088716908575229,-0.02030556805394786,-1.6853472224967931,0.03984796889971237,1.5167821211687327,0.7926098613631422,0.0008030162818260686,0.00012681316174156,-0.00025206130545218827,-0.0007770769636516745,-8.196728598835501e-05,-0.0021457082355339006,6.306571295257105e-05,0.17125296592712402,-16.82927894592285,0.22008228302001953,20.63992691040039,0.8803243637084961,2.2766964435577393,-0.11829318851232529
1692286084075079372,498,1692286084074362271,,panda_joint1,panda_joint2,panda_joint3,panda_joint4,panda_joint5,panda_joint6,panda_joint7,-0.10479027608774186,-0.30887419651260745,-0.020308403549633956,-1.6853465047300906,0.03984835994495464,1.5167807083178606,0.7926023082623319,0.000799298986651971,0.0002518937031693471,-0.0012571375741920058,-0.0005399965488081932,0.0003013219080924551,-0.0004374635138676988,-0.0015969387970782602,0.17125296592712402,-16.7935733795166,0.22008228302001953,20.60025405883789,0.8675069808959961,2.2766964435577393,-0.07892551273107529
1692286084108990729,499,1692286084108399989,,panda_joint1,panda_joint2,panda_joint3,panda_joint4,panda_joint5,panda_joint6,panda_joint7,-0.10479492693720453,-0.30887419618559186,-0.020305774492100897,-1.6853444384357386,0.03984943249040413,1.516782160412374,0.7926073945255742,-0.00021336099378392907,-0.001792656024400205,-8.846803696429386e-05,-0.0003366211939858802,0.0006215229336512734,-0.00010311143219093931,0.00012387860037614903,0.21092581748962402,-16.7935733795166,0.22008228302001953,20.60025405883789,0.8675069808959961,2.2766964435577393,-0.12470187991857529
1692286084143084930,500,1692286084142377944,,panda_joint1,panda_joint2,panda_joint3,panda_joint4,panda_joint5,panda_joint6,panda_joint7,-0.10479167035836282,-0.3088716879113808,-0.02030303222543731,-1.6853444384357386,0.039848008390929966,1.5167829742146024,0.7926044446545305,0.0004901222367731098,6.128544887916357e-05,0.0006761953450204805,0.0002741208668661068,0.00012315996467543428,0.00020767399855042818,-0.0002478098695695301,0.17125296592712402,-16.82927894592285,0.18437671661376953,20.60025405883789,0.8803243637084961,2.2693722248077393,-0.09815158694982529
1692286084177016608,501,1692286084176391679,,panda_joint1,panda_joint2,panda_joint3,panda_joint4,panda_joint5,panda_joint6,panda_joint7,-0.10478930604905375,-0.3088765919509872,-0.020300275431248092,-1.6853416546909155,0.039847652970640746,1.5167832465430071,0.7926051565700666,0.0012143387368477216,-0.0011672004132426447,0.0003470917398050779,0.0011640342531034902,-0.0001525039416255411,-0.0001786593822571257,0.0003770104633787566,0.17125296592712402,-16.75786781311035,0.14470386505126953,20.56058120727539,0.8803243637084961,2.2766964435577393,-0.10456027835607529
1692286084211887520,502,1692286084210380473,,panda_joint1,panda_joint2,panda_joint3,panda_joint4,panda_joint5,panda_joint6,panda_joint7,-0.10479453366389768,-0.3088764379005748,-0.02030314614525045,-1.6853472225071613,0.03984800398496488,1.5167826147030208,0.7926088186800725,-0.0006686864076801994,-0.001611586700850902,0.0023210327655948096,-0.00046024184983561845,6.699585151413868e-05,-2.6532622171132243e-06,0.0012366512320592768,0.21092581748962402,-16.75786781311035,0.18437671661376953,20.63992691040039,0.8803243637084961,2.2693722248077393,-0.13751927018165588
1692286084245026421,503,1692286084244393580,,panda_joint1,panda_joint2,panda_joint3,panda_joint4,panda_joint5,panda_joint6,panda_joint7,-0.10479232298003997,-0.3088741965126554,-0.02030048513921847,-1.6853444384357386,0.03984799500450981,1.5167837880167623,0.7926095307568708,-0.001262566031717854,-0.00013235344622907033,0.0006198926803794537,-0.00017615333910728847,0.00017669971865505525,0.00041360703938748717,0.0014564996754862654,0.21092581748962402,-16.7935733795166,0.14470386505126953,20.60025405883789,0.8803243637084961,2.2620480060577393,-0.14392796158790588
1692286084279879992,504,1692286084278431548,,panda_joint1,panda_joint2,panda_joint3,panda_joint4,panda_joint5,panda_joint6,panda_joint7,-0.10479214590855447,-0.30887197094144875,-0.020300356566763943,-1.6853472224954973,0.03984704245656325,1.5167807344618591,0.7926035045152855,-0.0002521915777501593,-0.0002990650622111744,0.0002833317269740448,-0.0007150944419430685,-9.421291144622448e-05,0.0004789653724639232,0.0013509669440973792,0.17125296592712402,-16.7935733795166,0.14470386505126953,20.63992691040039,0.8858175277709961,2.2766964435577393,-0.11829318851232529
1692286084313005366,505,1692286084312415707,,panda_joint1,panda_joint2,panda_joint3,panda_joint4,panda_joint5,panda_joint6,panda_joint7,-0.10479492709125801,-0.30887081592021115,-0.020305619999668633,-1.6853444384357386,0.039848008390929925,1.516782158961039,0.7926044880995299,-0.0008292989855579362,0.0003113564321260386,-0.00042970362306374955,0.00014893751110705436,-0.00012939895312128513,-0.0002790843691023562,0.0023255040645230813,0.21092581748962402,-16.82927894592285,0.22008228302001953,20.60025405883789,0.8803243637084961,2.2766964435577393,-0.09815158694982529
1692286084346960427,506,1692286084346369718,,panda_joint1,panda_joint2,panda_joint3,panda_joint4,panda_joint5,panda_joint6,panda_joint7,-0.10479562914522783,-0.3088744326146407,-0.020303268854545222,-1.68534722253049,0.03984800400280223,1.5167810615306034,0.792606682449416,-0.001378083244437081,-0.0007357975820084916,0.0004526638518402383,-0.001394336904050116,-0.0016463126328991366,0.005035435780084681,0.0004907834516217809,0.24663138389587402,-16.7935733795166,0.18437671661376953,20.63992691040039,0.8803243637084961,2.2766964435577393,-0.11829318851232529
1692286084381089373,507,1692286084380436915,,panda_joint1,panda_joint2,panda_joint3,panda_joint4,panda_joint5,panda_joint6,panda_joint7,-0.10479246866534896,-0.3088741965004945,-0.020303848228574523,-1.6853472224955026,0.039848021527515966,1.5167837880187316,0.7926073945324421,-0.004279262957498012,-0.002738653161419153,3.896464273251557e-06,0.00133812869441471,3.391717403593748e-05,0.0002853131285033385,0.0005960797766885365,0.17125296592712402,-16.7935733795166,0.18437671661376953,20.63992691040039,0.8803243637084961,2.2620480060577393,-0.12470187991857529
1692286084414911273,508,1692286084414365713,,panda_joint1,panda_joint2,panda_joint3,panda_joint4,panda_joint5,panda_joint6,panda_joint7,-0.10478975231521825,-0.30887346318746794,-0.02030261443907741,-1.6853497281492802,0.039848006922275955,1.516782160412374,0.7926066824487832,0.0010646921723409639,-0.0022364852311079026,0.0009196599660759263,-0.0008932858116251632,1.1798927484858414e-05,-0.00016830578691238982,0.0009538620766458859,0.13554739952087402,-16.7935733795166,0.14470386505126953,20.67563247680664,0.8803243637084961,2.2766964435577393,-0.11829318851232529
1692286084449050658,509,1692286084448375358,,panda_joint1,panda_joint2,panda_joint3,panda_joint4,panda_joint5,panda_joint6,panda_joint7,-0.10479232659534163,-0.3088767021543272,-0.020303111244654087,-1.685343720670332,0.03984739755182249,1.5167837429407534,0.7926023082685352,-0.0002637114366633164,-0.001925847113166817,-0.00027605320842532437,0.0006814672120381634,-0.0002719357339424478,0.00021584738819997018,-0.001389812579605633,0.21092581748962402,-16.75786781311035,0.18437671661376953,20.56058120727539,0.8858175277709961,2.2620480060577393,-0.07892551273107529
1692286084482998615,510,1692286084482381704,,panda_joint1,panda_joint2,panda_joint3,panda_joint4,panda_joint5,panda_joint6,panda_joint7,-0.10479311575659983,-0.3088713728220307,-0.02030556421231761,-1.685347248005304,0.03984503023981145,1.5167845000955789,0.7926095206358005,-0.0001542151696816333,0.0006574073717131547,-0.00040214985433901086,-0.0006511846138330362,0.00028348570344177964,-0.0004227752932009333,0.0010856530446611949,0.21092581748962402,-16.82927894592285,0.22008228302001953,20.63992691040039,0.8739156723022461,2.2556393146514893,-0.13751927018165588
1692286084517869983,511,1692286084516415567,,panda_joint1,panda_joint2,panda_joint3,panda_joint4,panda_joint5,panda_joint6,panda_joint7,-0.1047877734775378,-0.3088741965112947,-0.020300966900482997,-1.6853472224954973,0.0398473980392904,1.5167789766549602,0.7926058685921599,0.0012457300754284912,0.0001683113054013367,0.0007670934365596747,-0.0010682203692422149,-5.813747703490117e-05,-0.0001889017040246834,0.00022453343599441742,0.13554739952087402,-16.7935733795166,0.14470386505126953,20.63992691040039,0.8858175277709961,2.2766964435577393,-0.11096896976232529
1692286084550987493,512,1692286084550409531,,panda_joint1,panda_joint2,panda_joint3,panda_joint4,panda_joint5,panda_joint6,panda_joint7,-0.10479208678878114,-0.30887487832346705,-0.02030305949635009,-1.6853444384474026,0.039847397876778164,1.5167837880167514,0.7926081458490734,-0.000845673131951128,-3.528255681523491e-05,-0.000682618135271326,-3.75798023821211e-05,-0.0001319694838502653,-5.737532679672973e-05,0.0010313797370486491,0.21092581748962402,-16.7935733795166,0.18437671661376953,20.60025405883789,0.8858175277709961,2.2620480060577393,-0.13111057877540588
1692286084584975570,513,1692286084584365637,,panda_joint1,panda_joint2,panda_joint3,panda_joint4,panda_joint5,panda_joint6,panda_joint7,-0.10479312165115426,-0.3088741611909371,-0.020300248189709495,-1.6853416543759798,0.03984872046775288,1.5167797560564282,0.792607394527568,-0.00010651304693200164,-0.0006487449918338861,0.0013976109821547042,0.0020899325615995304,0.00022997264096892236,0.003921059385682337,0.001796909491898438,0.21092581748962402,-16.7935733795166,0.14470386505126953,20.56058120727539,0.8739156723022461,2.2693722248077393,-0.12470187991857529
1692286084619180172,514,1692286084618343779,,panda_joint1,panda_joint2,panda_joint3,panda_joint4,panda_joint5,panda_joint6,panda_joint7,-0.1047917843602701,-0.30887667173737604,-0.02030303254214681,-1.6853416543759798,0.03984739803929315,1.5167821604145892,0.7926015976392807,0.0001176941716697448,-0.0008434893497653853,-8.53699172910699e-05,0.0009157310557336301,-0.0003270502826927744,0.009253150987192338,0.004961696128353052,0.17125296592712402,-16.75786781311035,0.18437671661376953,20.56058120727539,0.8858175277709961,2.2766964435577393,-0.07251682132482529
1692286084653214710,515,1692286084652350924,,panda_joint1,panda_joint2,panda_joint3,panda_joint4,panda_joint5,panda_joint6,panda_joint7,-0.10479155096186993,-0.3088716898288276,-0.020306134634418077,-1.6853416543759798,0.03984739803936747,1.5167829740012992,0.7926073940888353,0.0008239646192878459,0.0007773808926482994,-0.00034670569384834287,0.0014524208230836738,-0.00027457118732830785,-0.00011498406317464959,0.00012148387064619028,0.17125296592712402,-16.82927894592285,0.18437671661376953,20.56058120727539,0.8858175277709961,2.2693722248077393,-0.12470187991857529
1692286084687412524,516,1692286084686359906,,panda_joint1,panda_joint2,panda_joint3,panda_joint4,panda_joint5,panda_joint6,panda_joint7,-0.10479315007865973,-0.30887152819751534,-0.020300257254134542,-1.6853416543759798,0.039847279547880504,1.5167828564791028,0.7926051581849008,-0.0008055725189738378,0.000338306402915188,0.001100720537079826,0.0014567032895972352,-0.003172652450318965,-0.00011472272174214664,-9.96332734316098e-06,0.21092581748962402,-16.82927894592285,0.14470386505126953,20.56058120727539,0.8858175277709961,2.2693722248077393,-0.10456027835607529
1692286084721078356,517,1692286084720401454,,panda_joint1,panda_joint2,panda_joint3,panda_joint4,panda_joint5,panda_joint6,panda_joint7,-0.10479225800513528,-0.3088716905316758,-0.02030303221784973,-1.6853444384357386,0.039847384874984265,1.5167816892848345,0.792604444493252,-8.607504803458299e-05,-0.00042133493719910076,-0.0005817913414016158,0.00015097981694024893,-0.00017672399383118962,-0.00015229211489820526,-0.0006075978675052223,0.17125296592712402,-16.82927894592285,0.18437671661376953,20.60025405883789,0.8858175277709961,2.2766964435577393,-0.09815158694982529
1692286084755103456,518,1692286084754368455,,panda_joint1,panda_joint2,panda_joint3,panda_joint4,panda_joint5,panda_joint6,panda_joint7,-0.10479982317429194,-0.3088767028154367,-0.020310827616792648,-1.6853471960045439,0.03984348717994159,1.5167781678635877,0.792606647234486,-0.0007674111741571702,-0.0006793715577735158,0.00044601257180695,-0.007024875209637044,-0.0004911378734396963,-0.00044533722598203806,0.0011119940149830906,0.286304235458374,-16.75786781311035,0.29546070098876953,20.63992691040039,0.8922262191772461,2.2840206623077393,-0.11829318851232529
1692286084789716645,519,1692286084788537318,,panda_joint1,panda_joint2,panda_joint3,panda_joint4,panda_joint5,panda_joint6,panda_joint7,-0.10479775265365984,-0.3088716907458205,-0.020311863053751815,-1.6853472224954973,0.039848008390929966,1.516783788012772,0.7926073945255743,-0.0010584711640702687,0.0011344923963980146,-0.0010160675425828784,-0.0007860743370223042,3.478684718471036e-05,0.00029207440192862864,0.00028537321460863924,0.24663138389587402,-16.82927894592285,0.29546070098876953,20.63992691040039,0.8803243637084961,2.2620480060577393,-0.12470187991857529
1692286084823359202,520,1692286084822328495,,panda_joint1,panda_joint2,panda_joint3,panda_joint4,panda_joint5,panda_joint6,panda_joint7,-0.10478469961452452,-0.30886880071417344,-0.020292452786363945,-1.685347222810433,0.039847652970640746,1.5167829349708415,0.7926088579259045,0.0003472666008315979,-0.00020860749147104217,-0.0008521484952612423,0.00016820350798945453,-0.002452684598956641,0.0004054524502021855,0.0013546711294136742,0.06016898155212402,-16.86895179748535,0.03361988067626953,20.63992691040039,0.8803243637084961,2.2693722248077393,-0.13751927018165588
1692286084857355385,521,1692286084856416893,,panda_joint1,panda_joint2,panda_joint3,panda_joint4,panda_joint5,panda_joint6,panda_joint7,-0.10478666097558735,-0.30887166425486656,-0.020300248189704,-1.6853525123140174,0.039847358060679135,1.5167821604145892,0.7926088244942489,0.0005114377899386434,-4.3074102889712946e-05,-0.0023191854625709677,-0.0019825494840940688,-0.00022518703766718015,-4.04161918070511e-05,0.0005916665504655741,0.09984183311462402,-16.82927894592285,0.14470386505126953,20.71530532836914,0.8858175277709961,2.2766964435577393,-0.13751927018165588
1692286084891254018,522,1692286084890344983,,panda_joint1,panda_joint2,panda_joint3,panda_joint4,panda_joint5,panda_joint6,panda_joint7,-0.10480057471385638,-0.30887409043981146,-0.02031638944773422,-1.6853444384357386,0.03984735838570617,1.5167807461102,0.7926030247020208,-0.0004461959121637462,-0.005906517035830917,-0.0015003717763793097,-0.005642224755487054,-0.009399627863829208,-0.00038135428367782416,-0.0005955253994090451,0.286304235458374,-16.7935733795166,0.37083911895751953,20.60025405883789,0.8858175277709961,2.2766964435577393,-0.08533420413732529
1692286084925195041,523,1692286084924375654,,panda_joint1,panda_joint2,panda_joint3,panda_joint4,panda_joint5,panda_joint6,panda_joint7,-0.10479315121131956,-0.3088688801991461,-0.0203062511095289,-1.6853472224954973,0.03984739803936736,1.5167819548609538,0.792608818680048,0.006060778575446346,0.001663754754450449,0.0004844609080994648,-2.18480698388733e-06,-0.00017724809584254893,0.0001377490979794637,0.0014800168568904373,0.21092581748962402,-16.86895179748535,0.22008228302001953,20.63992691040039,0.8858175277709961,2.2693722248077393,-0.13751927018165588
1692286084959273989,524,1692286084958361804,,panda_joint1,panda_joint2,panda_joint3,panda_joint4,panda_joint5,panda_joint6,panda_joint7,-0.10479175221992389,-0.3088689038422117,-0.020305646103872192,-1.685347222495497,0.039849077286549524,1.516782160396636,0.7926033735520943,-6.845177388995545e-05,0.00039887842491152195,-0.000523202191222494,-0.0003014581442154499,0.0001510367144886102,-0.00027240735660307184,-0.0004200588407015978,0.17125296592712402,-16.86895179748535,0.22008228302001953,20.63992691040039,0.8675069808959961,2.2766964435577393,-0.08533420413732529
1692286084993178722,525,1692286084992370319,,panda_joint1,panda_joint2,panda_joint3,panda_joint4,panda_joint5,panda_joint6,panda_joint7,-0.1047924080542079,-0.3088716643673045,-0.02030303351328617,-1.6853474520837586,0.03984872046574642,1.5167821604148164,0.7926030203393846,0.0003448423144215807,-0.00019921462468799734,-0.0012191957959027022,-0.0008070012897711733,0.00021388177556126557,-0.00023198115937976942,-0.0012060544349552277,0.17125296592712402,-16.82927894592285,0.18437671661376953,20.63992691040039,0.8739156723022461,2.2766964435577393,-0.08533420413732529
1692286085027283575,526,1692286085026357919,,panda_joint1,panda_joint2,panda_joint3,panda_joint4,panda_joint5,panda_joint6,panda_joint7,-0.10479315022494204,-0.30887419651265663,-0.020298118273374625,-1.685344438435739,0.03984800839092901,1.5167837880005868,0.7926061977820447,-0.0004270931341014372,-6.062497585284921e-05,0.00036844148599544257,0.0003582821250524396,-0.0011695835417886138,0.00022127119490322574,-0.0006633398117588762,0.21092581748962402,-16.7935733795166,0.14470386505126953,20.60025405883789,0.8803243637084961,2.2620480060577393,-0.08533420413732529
1692286085061834221,527,1692286085060388463,,panda_joint1,panda_joint2,panda_joint3,panda_joint4,panda_joint5,panda_joint6,panda_joint7,-0.10480057175437525,-0.30887670216643937,-0.020308494218487804,-1.6853451309797531,0.03984735854730773,1.516781100758506,0.7926030203991932,0.001825608711979954,-0.0005853624234334576,0.0016956851928264854,0.00010942697098223393,9.926427264401318e-06,-0.0004315064878318547,-0.0009684640359141257,0.286304235458374,-16.75786781311035,0.22008228302001953,20.60025405883789,0.8858175277709961,2.2766964435577393,-0.08533420413732529
1692286085095122638,528,1692286085094321184,,panda_joint1,panda_joint2,panda_joint3,panda_joint4,panda_joint5,panda_joint6,panda_joint7,-0.10479512422342906,-0.30887168191415687,-0.020305542207211796,-1.6853472224954977,0.03984870729531122,1.5167837880187471,0.7926067957950892,0.001479990133677721,-8.040026959765503e-05,0.0004258263168877785,-0.0007337072847715916,0.00041614972682169304,0.0002815575433639524,0.0010888543508347048,0.21092581748962402,-16.82927894592285,0.22008228302001953,20.63992691040039,0.8739156723022461,2.2620480060577393,-0.11829318851232529
1692286085129123781,529,1692286085128359095,,panda_joint1,panda_joint2,panda_joint3,panda_joint4,panda_joint5,panda_joint6,panda_joint7,-0.10479249801761015,-0.30887169074970855,-0.02029776880353528,-1.6853444384357403,0.039847889917277286,1.5167837705701632,0.7926081066034475,0.00016237317738487258,5.588560256524901e-05,0.0005521193412185211,0.0005805593552012624,0.00012554009461173324,0.00036621250828049336,0.0009458148037924106,0.17125296592712402,-16.82927894592285,0.10899829864501953,20.60025405883789,0.8803243637084961,2.2620480060577393,-0.13111057877540588
1692286085163489672,530,1692286085162360586,,panda_joint1,panda_joint2,panda_joint3,panda_joint4,panda_joint5,panda_joint6,panda_joint7,-0.10478999232774289,-0.3088716908588743,-0.02030120341736153,-1.6853472224954973,0.03984800822834066,1.516783788010778,0.7926019670402823,0.0013935402463390143,0.0004033381175690955,3.158553178616744e-05,-0.000709527787082871,-6.264712238119197e-05,0.00016183617316546135,-0.0018851292876881673,0.13554739952087402,-16.82927894592285,0.14470386505126953,20.63992691040039,0.8803243637084961,2.2620480060577393,-0.07251682132482529
1692286085197520046,531,1692286085196392087,,panda_joint1,panda_joint2,panda_joint3,panda_joint4,panda_joint5,panda_joint6,panda_joint7,-0.10479777892206181,-0.30887204791001294,-0.020305537867180087,-1.6853416543759798,0.039847042619078246,1.5167829727628273,0.7926081080567753,-0.0016702784460278764,-5.117108024953531e-05,-0.00011774397341970716,0.0014544466306688224,-0.0002116564937432238,-0.0001325700518512168,0.0009705006157160413,0.24663138389587402,-16.7935733795166,0.22008228302001953,20.56058120727539,0.8858175277709961,2.2693722248077393,-0.13111057877540588
1692286085230925859,532,1692286085230348382,,panda_joint1,panda_joint2,panda_joint3,panda_joint4,panda_joint5,panda_joint6,panda_joint7,-0.1047903662850366,-0.30887638394430955,-0.020306248715707652,-1.6853444384357403,0.03984872046708134,1.516779795302285,0.7926037324162074,-0.0022216226541074595,-0.0003954771053716105,-0.00010719877931563007,-3.014667284866908e-06,0.0002366792687227805,-0.00016799924830233486,-0.0010203788190358033,0.17125296592712402,-16.75786781311035,0.22008228302001953,20.60025405883789,0.8739156723022461,2.2693722248077393,-0.09174289554357529
1692286085265274124,533,1692286085264547354,,panda_joint1,panda_joint2,panda_joint3,panda_joint4,panda_joint5,panda_joint6,panda_joint7,-0.1047950365454804,-0.3088716903864687,-0.02030554761863483,-1.6853416543765558,0.03984500935011439,1.5167804913667984,0.7926095440003286,-0.0008330346979731249,-0.00046667393069079214,-0.0005646961075570681,0.0014812053491812453,-0.0006183453844348095,-9.956744366084299e-05,0.000715092445196712,0.21092581748962402,-16.82927894592285,0.22008228302001953,20.56058120727539,0.8977193832397461,2.2620480060577393,-0.14392796158790588
1692286085299330139,534,1692286085298359961,,panda_joint1,panda_joint2,panda_joint3,panda_joint4,panda_joint5,panda_joint6,panda_joint7,-0.1047925063531095,-0.3088745554180798,-0.020300248153639032,-1.6853444384357386,0.039847384875570484,1.5167822808775993,0.7926008216295048,0.003971396359409357,-0.00031672600657742445,-0.00023839673689387666,0.00015085162052559005,-0.0003779670821788285,-0.00039311075057178464,-0.0020087756863243432,0.17125296592712402,-16.75786781311035,0.14470386505126953,20.60025405883789,0.8858175277709961,2.2766964435577393,-0.06519260257482529
1692286085333214291,535,1692286085332337179,,panda_joint1,panda_joint2,panda_joint3,panda_joint4,panda_joint5,panda_joint6,panda_joint7,-0.1047924892084682,-0.30887145135013255,-0.02030245661696153,-1.6853416544811024,0.03984739803728404,1.5167811007225511,0.7926081066032251,-0.00027809293143784213,0.0008584236774060618,2.0861416547202143e-05,0.0010723345349710012,-0.00020164748963445625,-0.00043466964054724133,0.00015756567929158446,0.17125296592712402,-16.82927894592285,0.14470386505126953,20.56058120727539,0.8858175277709961,2.2766964435577393,-0.13111057877540588
1692286085367446645,536,1692286085366351923,,panda_joint1,panda_joint2,panda_joint3,panda_joint4,panda_joint5,panda_joint6,panda_joint7,-0.10479754220995556,-0.30886882732205023,-0.020308378340061512,-1.6853444384357386,0.03984633048808363,1.5167797429543075,0.7926066826288667,-0.0008873750374055899,0.0008216373232734117,-5.366173102191826e-05,-6.695059912269628e-05,-0.00042344627301061743,-0.00010708554108595899,0.0006057267184714486,0.24663138389587402,-16.86895179748535,0.22008228302001953,20.60025405883789,0.8922262191772461,2.2693722248077393,-0.11829318851232529
1692286085401906558,537,1692286085400377055,,panda_joint1,panda_joint2,panda_joint3,panda_joint4,panda_joint5,panda_joint6,panda_joint7,-0.10479320829426642,-0.30887419651128906,-0.020307667856128447,-1.6853444469390073,0.03984872046775288,1.5167837487722349,0.7926015962395657,0.0007716653860212013,-0.00036976025203386774,-0.0002389149947922605,0.000232126948566972,0.0011957614101215314,0.00014927450878584426,-0.0011632830765667317,0.17125296592712402,-16.7935733795166,0.22008228302001953,20.60025405883789,0.8739156723022461,2.2620480060577393,-0.07251682132482529
1692286085435168574,538,1692286085434372071,,panda_joint1,panda_joint2,panda_joint3,panda_joint4,panda_joint5,panda_joint6,panda_joint7,-0.10479226091657476,-0.3088739479555634,-0.02030012047035995,-1.685344438540717,0.03984872041157486,1.516782974192746,0.7926082243408032,0.0004397484986855682,-6.459126541300559e-06,0.0015503608343948802,-0.0008069518925678383,0.00025530904689254356,-0.005346650950962893,0.0008807278883334533,0.17125296592712402,-16.7935733795166,0.10899829864501953,20.60025405883789,0.8739156723022461,2.2693722248077393,-0.13111057877540588
1692286085469173736,539,1692286085468433741,,panda_joint1,panda_joint2,panda_joint3,panda_joint4,panda_joint5,panda_joint6,panda_joint7,-0.10479239278831709,-0.308871690531676,-0.020305170602911687,-1.6853444384357865,0.03984872046775288,1.5167829740551673,0.7926070356614612,0.0004283928818830076,0.0008064090990941566,0.0002180440327860646,0.0006633475655771085,0.000246761772584574,7.302201498908337e-06,0.0009067704162681618,0.17125296592712402,-16.82927894592285,0.18437671661376953,20.60025405883789,0.8739156723022461,2.2693722248077393,-0.11829318851232529
1692286085503167754,540,1692286085502346679,,panda_joint1,panda_joint2,panda_joint3,panda_joint4,panda_joint5,panda_joint6,panda_joint7,-0.10479013038866639,-0.30886640114398134,-0.0203083511398939,-1.6853444393805461,0.039847399493637845,1.516782147333318,0.7926062008748018,-0.0046164499285397806,0.005455690483060997,-0.0014159885214459782,0.00044896546495985345,-0.00012743560242693165,-0.00025649370827594896,-0.001002605976976945,0.17125296592712402,-16.9046573638916,0.25975513458251953,20.60025405883789,0.8858175277709961,2.2766964435577393,-0.08533420413732529
1692286085537409831,541,1692286085536401326,,panda_joint1,panda_joint2,panda_joint3,panda_joint4,panda_joint5,panda_joint6,panda_joint7,-0.10479177895994908,-0.30886866837470434,-0.02030326992206024,-1.6853497281492962,0.0398480078972916,1.5167828564245922,0.7926044446545282,-0.0009826751496175268,0.0005337481724792134,0.0005203826868060029,-0.0013090629023185716,0.00017435002399970192,-6.406039365485148e-05,8.955356326621821e-05,0.17125296592712402,-16.86895179748535,0.18437671661376953,20.67563247680664,0.8803243637084961,2.2693722248077393,-0.09815158694982529
1692286085571059018,542,1692286085570400594,,panda_joint1,panda_joint2,panda_joint3,panda_joint4,panda_joint5,panda_joint6,panda_joint7,-0.10479315121132031,-0.308874196391528,-0.02030374634808505,-1.6853472224954973,0.03984872046106498,1.5167834215625886,0.792606721750438,0.00013119892410129897,0.0009272519964492156,0.00037580797901004586,-0.0007769359309196397,0.00020384151490699206,0.00023868913365319863,0.00011262882849194122,0.21092581748962402,-16.7935733795166,0.18437671661376953,20.63992691040039,0.8739156723022461,2.2620480060577393,-0.11829318851232529
1692286085604943384,543,1692286085604350583,,panda_joint1,panda_joint2,panda_joint3,panda_joint4,panda_joint5,panda_joint6,panda_joint7,-0.10479241909620128,-0.3088741965126554,-0.020302377778079826,-1.6853416543759798,0.039848008390929966,1.516782975706529,0.7926102442872687,0.0007941397197706489,-0.0005416810071807191,0.0005323340609705743,0.0015247011594729713,-9.318602539034079e-05,2.4432656069355546e-05,0.0086602610241102,0.17125296592712402,-16.7935733795166,0.14470386505126953,20.56058120727539,0.8803243637084961,2.2693722248077393,-0.15033665299415588
